120 7140 50
11 27 1000
11 12 0.5998
11 39 0.05511
11 40 0.05511
11 41 0.13
11 42 0.07917
11 43 0.07917
11 44 0.1439
11 45 0.1439
11 46 0.02556
11 47 0.02447
11 37 0.1736
11 38 0.1736
11 48 0.1347
11 49 0.1548
11 50 0.1548
11 51 0.0422
11 52 0.0422
11 13 0.1278
11 14 0.1944
11 53 0.2004
11 15 0.1738
11 54 0.07014
11 55 0.2963
11 56 0.1837
11 57 0.1837
11 58 0.3718
11 59 0.3718
11 90 0.006798
11 91 0.006798
11 28 0.08523
11 29 0.08523
11 8 0.3144
11 60 0.05549
11 61 0.3164
11 62 0.01746
11 63 0.01746
11 5 0.6003
11 6 0.6003
11 7 0.3167
11 30 0.2802
11 31 0.2802
11 64 0.04004
11 65 0.04004
11 97 0.002933
11 66 0.05893
11 67 0.05893
11 68 0.05983
11 69 0.05983
11 17 0.2595
11 70 0.2085
11 71 0.2085
11 32 0.08056
11 33 0.08056
11 34 0.08056
11 1 0.4472
11 2 0.4472
11 72 0.1486
11 73 0.2406
11 74 0.2406
11 75 0.03985
11 76 0.01644
11 77 0.01644
11 78 0.1722
11 79 0.1722
11 35 0.0592
11 36 0.0592
11 80 0.2255
11 81 0.2255
11 82 0.2098
11 83 0.2098
11 18 0.08367
11 19 1000
11 20 1000
11 21 1000
11 22 0.3694
11 23 0.3694
11 24 0.3742
11 25 0.2022
11 26 0.2022
11 84 0.09341
11 85 0.1191
11 86 0.1191
11 9 1000
11 87 0.03411
11 88 0.03411
11 10 0.7656
11 89 0.08652
11 3 0.5217
11 4 0.5217
27 12 0.5012
27 37 0.1281
27 38 0.1281
27 49 0.1569
27 50 0.1569
27 51 0.04761
27 52 0.04761
27 13 0.06467
27 14 0.2389
27 53 0.2871
27 15 0.1504
27 56 0.2039
27 57 0.2039
27 58 1.017
27 59 1.017
27 90 0.02142
27 91 0.02142
27 28 0.0917
27 29 0.0917
27 8 0.2861
27 60 0.04666
27 61 0.3822
27 62 0.08599
27 63 0.08599
27 5 0.3814
27 6 0.3814
27 7 0.285
27 30 0.2663
27 31 0.2663
27 64 0.03491
27 65 0.03491
27 68 0.09218
27 69 0.09218
27 17 0.2772
27 70 0.1966
27 71 0.1966
27 32 0.06287
27 33 0.06287
27 34 0.06287
27 1 0.3437
27 2 0.3437
27 72 0.04731
27 75 0.04625
27 76 0.005701
27 77 0.005701
27 78 0.1509
27 79 0.1509
27 35 0.1492
27 36 0.1492
27 80 0.3571
27 81 0.3571
27 82 0.1443
27 83 0.1443
27 18 0.08126
27 19 0.6001
27 20 0.6001
27 21 0.6001
27 22 0.3347
27 23 0.3347
27 24 0.6041
27 25 1000
27 26 1000
27 84 0.09742
27 85 0.1023
27 86 0.1023
27 9 1000
27 10 0.6981
27 3 0.3341
27 4 0.3341
12 41 0.1435
12 42 0.06859
12 43 0.06859
12 46 0.06731
12 37 0.03974
12 38 0.03974
12 48 0.1181
12 49 0.2833
12 50 0.2833
12 51 0.2771
12 52 0.2771
12 13 0.007573
12 14 0.1083
12 53 0.3731
12 15 0.1798
12 54 0.09938
12 55 0.4856
12 56 0.2943
12 57 0.2943
12 58 0.3509
12 59 0.3509
12 90 1000
12 91 1000
12 28 0.09163
12 29 0.09163
12 8 0.4029
12 60 0.07541
12 61 0.4014
12 62 0.2446
12 63 0.2446
12 5 0.321
12 6 0.321
12 7 0.1705
12 30 0.2735
12 31 0.2735
12 64 0.1095
12 65 0.1095
12 68 0.2834
12 69 0.2834
12 17 0.5558
12 70 0.1912
12 71 0.1912
12 32 0.004487
12 33 0.004487
12 34 0.004487
12 1 0.2333
12 2 0.2333
12 72 0.007248
12 73 0.3964
12 74 0.3964
12 76 0.007797
12 77 0.007797
12 78 0.01795
12 79 0.01795
12 35 0.1081
12 36 0.1081
12 80 0.4658
12 81 0.4658
12 82 0.04213
12 83 0.04213
12 95 0.1182
12 96 0.1182
12 18 0.192
12 19 0.6073
12 20 0.6073
12 21 0.6073
12 22 0.2987
12 23 0.2987
12 24 0.4215
12 25 0.6928
12 26 0.6928
12 84 0.1753
12 9 0.695
12 10 0.5776
12 3 0.4599
12 4 0.4599
39 27 0.07358
40 27 0.07358
39 12 0.07736
40 12 0.07736
39 40 1000
39 41 0.3919
40 41 0.3919
39 42 0.2667
40 42 0.2667
40 43 0.2667
39 43 0.2667
39 44 0.3306
40 44 0.3306
40 45 0.3306
39 45 0.3306
39 46 0.5165
40 46 0.5165
39 103 0.6526
40 103 0.6526
39 47 1000
40 47 1000
39 37 0.08679
40 37 0.08679
40 38 0.08679
39 38 0.08679
39 48 0.2496
40 48 0.2496
39 92 0.1537
40 92 0.1537
39 49 0.1296
40 49 0.1296
40 50 0.1296
39 50 0.1296
39 104 0.4941
40 104 0.4941
40 105 0.4941
39 105 0.4941
39 51 0.4909
40 51 0.4909
40 52 0.4909
39 52 0.4909
39 13 0.1132
40 13 0.1132
39 14 0.06792
40 14 0.06792
39 93 0.1949
40 93 0.1949
39 53 0.164
40 53 0.164
39 15 0.1132
40 15 0.1132
39 54 0.1039
40 54 0.1039
39 55 0.4321
40 55 0.4321
39 56 0.0566
40 56 0.0566
40 57 0.0566
39 57 0.0566
39 58 0.09064
40 58 0.09064
40 59 0.09064
39 59 0.09064
39 90 0.06038
40 90 0.06038
40 91 0.06038
39 91 0.06038
39 106 0.4829
40 106 0.4829
40 107 0.4829
39 107 0.4829
39 28 0.4804
40 28 0.4804
40 29 0.4804
39 29 0.4804
39 108 0.4069
40 108 0.4069
40 109 0.4069
40 110 0.4069
39 109 0.4069
39 110 0.4069
39 60 0.3693
40 60 0.3693
39 61 0.2643
40 61 0.2643
39 62 0.0418
40 62 0.0418
40 63 0.0418
39 63 0.0418
39 16 1000
40 16 1000
39 5 0.03962
40 5 0.03962
40 6 0.03962
39 6 0.03962
39 7 0.05283
40 7 0.05283
39 30 0.04643
40 30 0.04643
40 31 0.04643
39 31 0.04643
39 64 0.06132
40 64 0.06132
40 65 0.06132
39 65 0.06132
39 97 0.148
40 97 0.148
39 66 0.2219
40 66 0.2219
40 67 0.2219
39 67 0.2219
39 68 0.06341
40 68 0.06341
40 69 0.06341
39 69 0.06341
39 17 0.04717
40 17 0.04717
39 70 0.3132
40 70 0.3132
40 71 0.3132
39 71 0.3132
39 111 0.357
40 111 0.357
39 32 0.04528
40 32 0.04528
40 33 0.04528
40 34 0.04528
39 33 0.04528
39 34 0.04528
39 1 0.04906
40 1 0.04906
40 2 0.04906
39 2 0.04906
39 98 0.1893
40 98 0.1893
39 72 0.09623
40 72 0.09623
39 112 0.2356
40 112 0.2356
39 113 0.2535
40 113 0.2535
40 114 0.2535
40 115 0.2535
39 114 0.2535
39 115 0.2535
39 94 0.2825
40 94 0.2825
39 73 0.3945
40 73 0.3945
40 74 0.3945
39 74 0.3945
39 101 0.1254
40 101 0.1254
40 102 0.1254
39 102 0.1254
39 116 0.1973
40 116 0.1973
39 75 0.749
40 75 0.749
39 117 0.2256
40 117 0.2256
39 76 0.1183
40 76 0.1183
40 77 0.1183
39 77 0.1183
39 78 0.0717
40 78 0.0717
40 79 0.0717
39 79 0.0717
39 35 0.08471
40 35 0.08471
40 36 0.08471
39 36 0.08471
39 80 0.07029
40 80 0.07029
40 81 0.07029
39 81 0.07029
39 99 0.5767
40 99 0.5767
40 100 0.5767
39 100 0.5767
39 82 0.1351
40 82 0.1351
40 83 0.1351
39 83 0.1351
39 118 1000
40 118 1000
39 95 0.3125
40 95 0.3125
40 96 0.3125
39 96 0.3125
39 18 0.172
40 18 0.172
39 119 0.366
40 119 0.366
40 120 0.366
39 120 0.366
39 19 0.0434
40 19 0.0434
40 20 0.0434
40 21 0.0434
39 20 0.0434
39 21 0.0434
39 22 0.07547
40 22 0.07547
40 23 0.07547
39 23 0.07547
39 24 0.09981
40 24 0.09981
39 25 0.09245
40 25 0.09245
40 26 0.09245
39 26 0.09245
39 84 0.0835
40 84 0.0835
39 85 0.04136
40 85 0.04136
40 86 0.04136
39 86 0.04136
39 9 0.07569
40 9 0.07569
39 87 0.07646
40 87 0.07646
40 88 0.07646
39 88 0.07646
39 10 0.07547
40 10 0.07547
39 89 0.151
40 89 0.151
39 3 0.07532
40 3 0.07532
40 4 0.07532
39 4 0.07532
41 27 0.1429
41 42 0.8695
41 43 0.8695
41 44 0.3168
41 45 0.3168
41 46 0.3962
41 103 0.5897
41 47 0.2531
41 37 0.1429
41 38 0.1429
41 48 0.2883
41 51 0.583
41 52 0.583
41 13 0.1429
41 14 0.1429
41 15 0.1429
41 54 0.2155
41 55 0.5397
41 56 0.1286
41 57 0.1286
41 58 0.1671
41 59 0.1671
41 90 0.1286
41 91 0.1286
41 106 0.5271
41 107 0.5271
41 28 0.4863
41 29 0.4863
41 108 0.4033
41 109 0.4033
41 110 0.4033
41 60 0.3672
41 16 0.4497
41 5 0.1304
41 6 0.1304
41 7 0.1429
41 30 0.03255
41 31 0.03255
41 97 0.1772
41 66 0.2696
41 67 0.2696
41 68 0.1077
41 69 0.1077
41 17 0.1
41 70 0.5669
41 71 0.5669
41 111 0.3488
41 32 0.07143
41 33 0.07143
41 34 0.07143
41 1 0.1286
41 2 0.1286
41 98 0.1811
41 72 0.1429
41 112 0.1325
41 94 0.2752
41 101 0.1998
41 102 0.1998
41 116 0.2308
41 75 0.3582
41 117 0.2593
41 76 0.148
41 77 0.148
41 78 0.1286
41 79 0.1286
41 35 0.1513
41 36 0.1513
41 80 0.1294
41 81 0.1294
41 99 1000
41 100 1000
41 82 0.1721
41 83 0.1721
41 118 0.3808
41 95 0.2996
41 96 0.2996
41 119 0.3686
41 120 0.3686
41 19 0.04286
41 20 0.04286
41 21 0.04286
41 22 0.1429
41 23 0.1429
41 24 0.1444
41 25 0.1286
41 26 0.1286
41 84 0.1357
41 9 0.07321
41 87 0.0406
41 88 0.0406
41 10 0.1429
42 27 0.06
43 27 0.06
42 43 1000
42 44 0.3341
43 44 0.3341
43 45 0.3341
42 45 0.3341
42 46 0.37
43 46 0.37
42 103 0.5135
43 103 0.5135
42 47 0.1641
43 47 0.1641
42 37 0.06667
43 37 0.06667
43 38 0.06667
42 38 0.06667
42 48 0.2053
43 48 0.2053
42 92 0.1962
43 92 0.1962
42 49 0.1544
43 49 0.1544
43 50 0.1544
42 50 0.1544
42 51 0.5607
43 51 0.5607
43 52 0.5607
42 52 0.5607
42 13 0.06667
43 13 0.06667
42 14 0.06667
43 14 0.06667
42 93 0.2628
43 93 0.2628
42 53 0.2291
43 53 0.2291
42 15 0.06667
43 15 0.06667
42 54 0.1518
43 54 0.1518
42 55 0.5176
43 55 0.5176
42 56 0.06667
43 56 0.06667
43 57 0.06667
42 57 0.06667
42 58 0.08932
43 58 0.08932
43 59 0.08932
42 59 0.08932
42 90 0.02
43 90 0.02
43 91 0.02
42 91 0.02
42 106 0.4595
43 106 0.4595
43 107 0.4595
42 107 0.4595
42 28 0.5091
43 28 0.5091
43 29 0.5091
42 29 0.5091
42 108 0.4396
43 108 0.4396
43 109 0.4396
43 110 0.4396
42 109 0.4396
42 110 0.4396
42 8 0.4619
43 8 0.4619
42 60 0.3209
43 60 0.3209
42 61 0.344
43 61 0.344
42 62 0.09613
43 62 0.09613
43 63 0.09613
42 63 0.09613
42 5 0.06918
43 5 0.06918
43 6 0.06918
42 6 0.06918
42 7 0.06667
43 7 0.06667
42 30 0.09797
43 30 0.09797
43 31 0.09797
42 31 0.09797
42 64 0.1067
43 64 0.1067
43 65 0.1067
42 65 0.1067
42 97 0.04142
43 97 0.04142
42 66 0.247
43 66 0.247
43 67 0.247
42 67 0.247
42 68 0.1688
43 68 0.1688
43 69 0.1688
42 69 0.1688
42 17 0.06667
43 17 0.06667
42 70 1000
43 70 1000
43 71 1000
42 71 1000
42 111 0.204
43 111 0.204
42 32 0.04667
43 32 0.04667
43 33 0.04667
43 34 0.04667
42 33 0.04667
42 34 0.04667
42 1 0.06667
43 1 0.06667
43 2 0.06667
42 2 0.06667
42 98 0.1191
43 98 0.1191
42 72 0.06667
43 72 0.06667
42 112 0.2201
43 112 0.2201
42 113 0.2638
43 113 0.2638
43 114 0.2638
43 115 0.2638
42 114 0.2638
42 115 0.2638
42 94 0.2946
43 94 0.2946
42 73 0.5437
43 73 0.5437
43 74 0.5437
42 74 0.5437
42 101 0.1128
43 101 0.1128
43 102 0.1128
42 102 0.1128
42 75 0.2936
43 75 0.2936
42 117 0.2001
43 117 0.2001
42 76 0.0251
43 76 0.0251
43 77 0.0251
42 77 0.0251
42 78 0.06667
43 78 0.06667
43 79 0.06667
42 79 0.06667
42 35 0.06836
43 35 0.06836
43 36 0.06836
42 36 0.06836
42 80 0.06903
43 80 0.06903
43 81 0.06903
42 81 0.06903
42 99 0.4389
43 99 0.4389
43 100 0.4389
42 100 0.4389
42 82 0.09659
43 82 0.09659
43 83 0.09659
42 83 0.09659
42 118 0.4913
43 118 0.4913
42 18 0.2837
43 18 0.2837
42 119 0.4338
43 119 0.4338
43 120 0.4338
42 120 0.4338
42 19 0.06667
43 19 0.06667
43 20 0.06667
43 21 0.06667
42 20 0.06667
42 21 0.06667
42 22 0.06667
43 22 0.06667
43 23 0.06667
42 23 0.06667
42 24 0.09645
43 24 0.09645
42 25 0.006667
43 25 0.006667
43 26 0.006667
42 26 0.006667
42 84 0.1202
43 84 0.1202
42 85 0.07858
43 85 0.07858
43 86 0.07858
42 86 0.07858
42 9 0.07225
43 9 0.07225
42 87 0.1099
43 87 0.1099
43 88 0.1099
42 88 0.1099
42 10 0.05255
43 10 0.05255
42 89 0.1804
43 89 0.1804
42 3 0.1127
43 3 0.1127
43 4 0.1127
42 4 0.1127
44 27 0.1522
45 27 0.1522
44 12 0.1457
45 12 0.1457
44 45 1000
44 46 1000
45 46 1000
44 103 0.6228
45 103 0.6228
44 47 0.2508
45 47 0.2508
44 37 0.1543
45 37 0.1543
45 38 0.1543
44 38 0.1543
44 48 0.3407
45 48 0.3407
44 92 0.193
45 92 0.193
44 49 0.2161
45 49 0.2161
45 50 0.2161
44 50 0.2161
44 104 0.3466
45 104 0.3466
45 105 0.3466
44 105 0.3466
44 51 0.8064
45 51 0.8064
45 52 0.8064
44 52 0.8064
44 13 0.1739
45 13 0.1739
44 14 0.1717
45 14 0.1717
44 93 0.3123
45 93 0.3123
44 53 0.2768
45 53 0.2768
44 15 0.1739
45 15 0.1739
44 54 0.216
45 54 0.216
44 55 0.6132
45 55 0.6132
44 56 0.137
45 56 0.137
45 57 0.137
44 57 0.137
44 58 0.1664
45 58 0.1664
45 59 0.1664
44 59 0.1664
44 90 0.113
45 90 0.113
45 91 0.113
44 91 0.113
44 106 0.5587
45 106 0.5587
45 107 0.5587
44 107 0.5587
44 28 0.6384
45 28 0.6384
45 29 0.6384
44 29 0.6384
44 108 1000
45 108 1000
45 109 1000
45 110 1000
44 109 1000
44 110 1000
44 8 0.6946
45 8 0.6946
44 60 1000
45 60 1000
44 61 0.4062
45 61 0.4062
44 62 0.1444
45 62 0.1444
45 63 0.1444
44 63 0.1444
44 16 0.3864
45 16 0.3864
44 5 0.1373
45 5 0.1373
45 6 0.1373
44 6 0.1373
44 7 0.1587
45 7 0.1587
44 30 0.1413
45 30 0.1413
45 31 0.1413
44 31 0.1413
44 64 0.1725
45 64 0.1725
45 65 0.1725
44 65 0.1725
44 97 0.1869
45 97 0.1869
44 66 0.5409
45 66 0.5409
45 67 0.5409
44 67 0.5409
44 68 0.2149
45 68 0.2149
45 69 0.2149
44 69 0.2149
44 17 0.1326
45 17 0.1326
44 70 0.5217
45 70 0.5217
45 71 0.5217
44 71 0.5217
44 111 0.2894
45 111 0.2894
44 32 0.1022
45 32 0.1022
45 33 0.1022
45 34 0.1022
44 33 0.1022
44 34 0.1022
44 1 0.1565
45 1 0.1565
45 2 0.1565
44 2 0.1565
44 98 0.1931
45 98 0.1931
44 72 0.1739
45 72 0.1739
44 112 0.2762
45 112 0.2762
44 113 0.2563
45 113 0.2563
45 114 0.2563
45 115 0.2563
44 114 0.2563
44 115 0.2563
44 94 0.405
45 94 0.405
44 73 0.6383
45 73 0.6383
45 74 0.6383
44 74 0.6383
44 101 0.1876
45 101 0.1876
45 102 0.1876
44 102 0.1876
44 116 0.2024
45 116 0.2024
44 75 0.2124
45 75 0.2124
44 117 0.3189
45 117 0.3189
44 76 0.1681
45 76 0.1681
45 77 0.1681
44 77 0.1681
44 78 0.1326
45 78 0.1326
45 79 0.1326
44 79 0.1326
44 35 0.1517
45 35 0.1517
45 36 0.1517
44 36 0.1517
44 80 0.1561
45 80 0.1561
45 81 0.1561
44 81 0.1561
44 99 0.49
45 99 0.49
45 100 0.49
44 100 0.49
44 82 0.2009
45 82 0.2009
45 83 0.2009
44 83 0.2009
44 118 0.5268
45 118 0.5268
44 95 0.4312
45 95 0.4312
45 96 0.4312
44 96 0.4312
44 18 1000
45 18 1000
44 119 0.5339
45 119 0.5339
45 120 0.5339
44 120 0.5339
44 19 0.1174
45 19 0.1174
45 20 0.1174
45 21 0.1174
44 20 0.1174
44 21 0.1174
44 22 0.1565
45 22 0.1565
45 23 0.1565
44 23 0.1565
44 24 0.1483
45 24 0.1483
44 25 0.1348
45 25 0.1348
45 26 0.1348
44 26 0.1348
44 84 0.1714
45 84 0.1714
44 85 0.1117
45 85 0.1117
45 86 0.1117
44 86 0.1117
44 9 0.1546
45 9 0.1546
44 87 0.1348
45 87 0.1348
45 88 0.1348
44 88 0.1348
44 10 0.1413
45 10 0.1413
44 89 0.2255
45 89 0.2255
44 3 0.1843
45 3 0.1843
45 4 0.1843
44 4 0.1843
46 27 0.01667
46 103 1.061
46 47 0.3786
46 37 0.1567
46 38 0.1567
46 48 0.3966
46 104 0.3519
46 105 0.3519
46 51 0.404
46 52 0.404
46 13 0.2125
46 14 0.1742
46 93 0.1202
46 15 0.1575
46 54 0.07146
46 55 0.3292
46 56 0.045
46 57 0.045
46 58 0.1111
46 59 0.1111
46 90 0.1417
46 91 0.1417
46 106 0.5789
46 107 0.5789
46 28 0.5547
46 29 0.5547
46 108 0.424
46 109 0.424
46 110 0.424
46 8 1.076
46 60 1000
46 62 0.003512
46 63 0.003512
46 16 0.5782
46 5 0.03536
46 6 0.03536
46 7 0.12
46 30 0.02391
46 31 0.02391
46 97 0.1981
46 66 0.343
46 67 0.343
46 68 0.02534
46 69 0.02534
46 17 0.05
46 70 0.5185
46 71 0.5185
46 111 0.2452
46 32 0.01667
46 33 0.01667
46 34 0.01667
46 1 0.065
46 2 0.065
46 98 0.1564
46 72 0.2425
46 112 0.1883
46 94 0.293
46 73 0.3809
46 74 0.3809
46 101 0.05843
46 102 0.05843
46 116 0.1411
46 75 0.336
46 117 0.1939
46 76 0.2234
46 77 0.2234
46 78 0.03167
46 79 0.03167
46 35 0.05836
46 36 0.05836
46 80 0.05287
46 81 0.05287
46 99 0.527
46 100 0.527
46 82 0.2293
46 83 0.2293
46 118 0.3515
46 95 0.6135
46 96 0.6135
46 18 0.3346
46 119 0.3781
46 120 0.3781
46 19 0.01667
46 20 0.01667
46 21 0.01667
46 22 0.05333
46 23 0.05333
46 24 0.05213
46 25 0.1592
46 26 0.1592
46 84 0.05298
46 9 0.1084
46 87 0.02741
46 88 0.02741
46 10 0.03672
46 3 0.135
46 4 0.135
103 11 0.06702
103 27 0.08511
103 12 0.1894
103 47 0.7269
103 37 0.4266
103 38 0.4266
103 48 0.5514
103 49 0.0195
103 50 0.0195
103 104 1000
103 105 1000
103 51 0.4714
103 52 0.4714
103 13 0.4287
103 14 0.4223
103 93 0.04594
103 53 0.009574
103 15 0.3936
103 54 0.1376
103 55 0.235
103 56 0.1883
103 57 0.1883
103 58 0.3302
103 59 0.3302
103 90 0.3447
103 91 0.3447
103 106 0.6065
103 107 0.6065
103 28 0.3232
103 29 0.3232
103 108 0.5024
103 109 0.5024
103 110 0.5024
103 8 0.5595
103 60 0.611
103 61 0.1343
103 62 0.04149
103 63 0.04149
103 16 1000
103 5 0.1755
103 6 0.1755
103 7 0.4245
103 30 0.08123
103 31 0.08123
103 64 0.02672
103 65 0.02672
103 97 0.4756
103 66 0.4355
103 67 0.4355
103 68 0.05338
103 69 0.05338
103 17 0.2862
103 70 0.6039
103 71 0.6039
103 111 0.8445
103 32 0.1032
103 33 0.1032
103 34 0.1032
103 1 0.3532
103 2 0.3532
103 98 0.5272
103 72 0.4553
103 112 0.2823
103 113 0.2671
103 114 0.2671
103 115 0.2671
103 94 0.5794
103 101 0.1087
103 102 0.1087
103 116 0.2824
103 75 1000
103 117 0.2126
103 76 0.4519
103 77 0.4519
103 78 0.1606
103 79 0.1606
103 35 0.2021
103 36 0.2021
103 80 0.1021
103 81 0.1021
103 99 1.136
103 100 1.136
103 82 0.4532
103 83 0.4532
103 118 0.3951
103 95 0.6343
103 96 0.6343
103 18 0.2119
103 119 0.2652
103 120 0.2652
103 19 0.04255
103 20 0.04255
103 21 0.04255
103 22 0.1521
103 23 0.1521
103 24 0.15
103 25 0.316
103 26 0.316
103 84 0.1126
103 85 0.005319
103 86 0.005319
103 9 0.2904
103 87 0.06545
103 88 0.06545
103 10 0.1543
103 89 0.1049
103 3 0.3039
103 4 0.3039
47 27 0.05897
47 12 0.03718
47 37 0.05
47 38 0.05
47 48 0.2058
47 104 0.6405
47 105 0.6405
47 51 0.3427
47 52 0.3427
47 13 0.07821
47 14 0.07179
47 15 0.07436
47 54 0.06755
47 55 0.3478
47 56 0.02436
47 57 0.02436
47 58 0.0509
47 59 0.0509
47 90 0.05385
47 91 0.05385
47 106 0.4599
47 107 0.4599
47 28 0.3554
47 29 0.3554
47 108 0.3526
47 109 0.3526
47 110 0.3526
47 8 0.3588
47 60 0.2779
47 61 0.1975
47 62 0.01868
47 63 0.01868
47 16 1000
47 5 0.02856
47 6 0.02856
47 7 0.06667
47 30 0.01982
47 31 0.01982
47 64 0.03816
47 65 0.03816
47 97 0.1565
47 66 0.1556
47 67 0.1556
47 68 0.0451
47 69 0.0451
47 17 0.0141
47 70 0.2819
47 71 0.2819
47 111 0.4583
47 32 0.03718
47 33 0.03718
47 34 0.03718
47 1 0.04615
47 2 0.04615
47 98 0.2183
47 72 0.1013
47 94 0.2814
47 73 0.3239
47 74 0.3239
47 101 0.1095
47 102 0.1095
47 116 0.2147
47 75 0.741
47 76 0.091
47 77 0.091
47 78 0.02949
47 79 0.02949
47 35 0.05169
47 36 0.05169
47 80 0.01361
47 81 0.01361
47 99 1000
47 100 1000
47 82 0.1052
47 83 0.1052
47 95 0.24
47 96 0.24
47 18 0.1757
47 119 0.2671
47 120 0.2671
47 19 0.01795
47 20 0.01795
47 21 0.01795
47 22 0.05256
47 23 0.05256
47 24 0.04362
47 25 0.06923
47 26 0.06923
47 84 0.05346
47 9 0.06561
47 10 0.04872
47 3 0.0538
47 4 0.0538
37 38 1000
37 49 0.0915
38 49 0.0915
38 50 0.0915
37 50 0.0915
37 13 0.9595
38 13 0.9595
37 14 0.2655
38 14 0.2655
37 53 0.1038
38 53 0.1038
37 15 0.3471
38 15 0.3471
37 90 0.1584
38 90 0.1584
38 91 0.1584
37 91 0.1584
37 8 0.2103
38 8 0.2103
37 62 0.04664
38 62 0.04664
38 63 0.04664
37 63 0.04664
37 16 0.1727
38 16 0.1727
37 7 0.06132
38 7 0.06132
37 30 0.05811
38 30 0.05811
38 31 0.05811
37 31 0.05811
37 64 0.04654
38 64 0.04654
38 65 0.04654
37 65 0.04654
37 17 0.1716
38 17 0.1716
37 32 0.01728
38 32 0.01728
38 33 0.01728
38 34 0.01728
37 33 0.01728
37 34 0.01728
37 1 0.01106
38 1 0.01106
38 2 0.01106
37 2 0.01106
37 72 0.05833
38 72 0.05833
37 78 0.9697
38 78 0.9697
38 79 0.9697
37 79 0.9697
37 99 0.1755
38 99 0.1755
38 100 0.1755
37 100 0.1755
37 95 0.06437
38 95 0.06437
38 96 0.06437
37 96 0.06437
37 18 0.1379
38 18 0.1379
37 22 0.04989
38 22 0.04989
38 23 0.04989
37 23 0.04989
37 25 0.04865
38 25 0.04865
38 26 0.04865
37 26 0.04865
37 84 0.06792
38 84 0.06792
37 9 0.1175
38 9 0.1175
37 10 0.07555
38 10 0.07555
37 3 0.143
38 3 0.143
38 4 0.143
37 4 0.143
48 27 0.1295
48 37 0.3205
48 38 0.3205
48 92 0.1795
48 49 0.2388
48 50 0.2388
48 104 0.3246
48 105 0.3246
48 51 0.6936
48 52 0.6936
48 13 0.3455
48 14 0.1364
48 93 0.3428
48 53 0.3179
48 15 0.1364
48 54 0.2349
48 55 0.6615
48 56 0.1023
48 57 0.1023
48 58 0.1631
48 59 0.1631
48 90 0.08864
48 91 0.08864
48 106 0.5162
48 107 0.5162
48 28 0.5424
48 29 0.5424
48 108 0.4812
48 109 0.4812
48 110 0.4812
48 8 0.7814
48 60 0.3831
48 61 0.4601
48 62 0.2425
48 63 0.2425
48 16 0.3085
48 5 0.1132
48 6 0.1132
48 7 0.1136
48 30 0.1912
48 31 0.1912
48 64 0.1347
48 65 0.1347
48 97 0.1021
48 66 0.5007
48 67 0.5007
48 68 0.3256
48 69 0.3256
48 17 0.1227
48 70 1000
48 71 1000
48 111 0.1926
48 32 0.1
48 33 0.1
48 34 0.1
48 1 0.1364
48 2 0.1364
48 98 0.1573
48 72 0.1386
48 112 0.1522
48 113 0.189
48 114 0.189
48 115 0.189
48 94 0.3366
48 73 1000
48 74 1000
48 101 0.1138
48 102 0.1138
48 75 0.2096
48 117 0.1854
48 76 0.1187
48 77 0.1187
48 78 0.1341
48 79 0.1341
48 35 0.1617
48 36 0.1617
48 80 0.1427
48 81 0.1427
48 99 0.4272
48 100 0.4272
48 82 1000
48 83 1000
48 118 1000
48 95 0.3532
48 96 0.3532
48 18 1000
48 119 0.5141
48 120 0.5141
48 19 0.06591
48 20 0.06591
48 21 0.06591
48 22 0.1364
48 23 0.1364
48 24 0.19
48 25 0.1159
48 26 0.1159
48 84 0.1962
48 85 0.1174
48 86 0.1174
48 9 0.223
48 87 0.1856
48 88 0.1856
48 10 0.1717
48 89 0.2134
48 3 1000
48 4 1000
92 11 0.112
92 27 0.1014
92 12 0.171
92 41 0.09287
92 46 0.1007
92 103 0.07357
92 47 0.1113
92 37 0.08313
92 38 0.08313
92 49 1000
92 50 1000
92 104 0.01789
92 105 0.01789
92 51 0.1284
92 52 0.1284
92 13 0.1661
92 14 0.1819
92 93 1000
92 53 0.4143
92 15 0.171
92 54 0.1406
92 55 0.1986
92 56 0.0633
92 57 0.0633
92 58 0.3088
92 59 0.3088
92 90 0.0003478
92 91 0.0003478
92 106 0.1857
92 107 0.1857
92 28 0.2446
92 29 0.2446
92 108 0.1624
92 109 0.1624
92 110 0.1624
92 8 0.1902
92 60 0.1649
92 61 0.8275
92 62 0.08719
92 63 0.08719
92 16 0.001739
92 5 0.141
92 6 0.141
92 7 0.05443
92 30 0.9817
92 31 0.9817
92 64 1000
92 65 1000
92 97 0.05934
92 66 0.1176
92 67 0.1176
92 68 0.1516
92 69 0.1516
92 17 0.07409
92 70 0.2826
92 71 0.2826
92 111 0.03026
92 32 0.02904
92 33 0.02904
92 34 0.02904
92 1 0.08539
92 2 0.08539
92 98 0.1785
92 72 0.1334
92 112 0.2211
92 113 0.5507
92 114 0.5507
92 115 0.5507
92 94 0.2163
92 73 0.4639
92 74 0.4639
92 101 1000
92 102 1000
92 116 0.1057
92 75 0.1172
92 117 0.08148
92 76 0.09426
92 77 0.09426
92 78 0.064
92 79 0.064
92 35 0.1643
92 36 0.1643
92 80 0.2118
92 81 0.2118
92 99 0.08104
92 100 0.08104
92 82 0.2464
92 83 0.2464
92 118 0.6886
92 95 0.003478
92 96 0.003478
92 18 0.5163
92 119 0.1636
92 120 0.1636
92 19 0.03096
92 20 0.03096
92 21 0.03096
92 22 0.145
92 23 0.145
92 24 0.2927
92 25 0.0006957
92 26 0.0006957
92 84 1000
92 85 0.6356
92 86 0.6356
92 9 0.1584
92 87 1000
92 88 1000
92 10 0.0287
92 89 1000
92 3 1.117
92 4 1.117
49 41 0.07621
50 41 0.07621
49 46 0.04758
50 46 0.04758
49 47 0.07621
50 47 0.07621
49 50 1000
49 51 0.1362
50 51 0.1362
50 52 0.1362
49 52 0.1362
49 13 0.2038
50 13 0.2038
49 14 0.251
50 14 0.251
49 93 1000
50 93 1000
49 53 1000
50 53 1000
49 15 0.4145
50 15 0.4145
49 54 0.1725
50 54 0.1725
49 55 0.4
50 55 0.4
49 56 0.08848
50 56 0.08848
50 57 0.08848
49 57 0.08848
49 58 0.3861
50 58 0.3861
50 59 0.3861
49 59 0.3861
49 90 0.1593
50 90 0.1593
50 91 0.1593
49 91 0.1593
49 106 0.1302
50 106 0.1302
50 107 0.1302
49 107 0.1302
49 28 0.2212
50 28 0.2212
50 29 0.2212
49 29 0.2212
49 108 0.114
50 108 0.114
50 109 0.114
50 110 0.114
49 109 0.114
49 110 0.114
49 8 0.4001
50 8 0.4001
49 60 0.1594
50 60 0.1594
49 61 1000
50 61 1000
49 62 0.302
50 62 0.302
50 63 0.302
49 63 0.302
49 5 0.2821
50 5 0.2821
50 6 0.2821
49 6 0.2821
49 7 0.4772
50 7 0.4772
49 30 1000
50 30 1000
50 31 1000
49 31 1000
49 64 1000
50 64 1000
50 65 1000
49 65 1000
49 97 0.02617
50 97 0.02617
49 66 0.1045
50 66 0.1045
50 67 0.1045
49 67 0.1045
49 68 0.3185
50 68 0.3185
50 69 0.3185
49 69 0.3185
49 17 0.2772
50 17 0.2772
49 70 0.2891
50 70 0.2891
50 71 0.2891
49 71 0.2891
49 111 0.01524
50 111 0.01524
49 32 0.1811
50 32 0.1811
50 33 0.1811
50 34 0.1811
49 33 0.1811
49 34 0.1811
49 1 0.2742
50 1 0.2742
50 2 0.2742
49 2 0.2742
49 98 0.1186
50 98 0.1186
49 72 0.1973
50 72 0.1973
49 113 0.2543
50 113 0.2543
50 114 0.2543
50 115 0.2543
49 114 0.2543
49 115 0.2543
49 94 0.1266
50 94 0.1266
49 73 0.7641
50 73 0.7641
50 74 0.7641
49 74 0.7641
49 101 0.4011
50 101 0.4011
50 102 0.4011
49 102 0.4011
49 75 0.09146
50 75 0.09146
49 76 0.06845
50 76 0.06845
50 77 0.06845
49 77 0.06845
49 78 0.08611
50 78 0.08611
50 79 0.08611
49 79 0.08611
49 35 0.2355
50 35 0.2355
50 36 0.2355
49 36 0.2355
49 80 0.5821
50 80 0.5821
50 81 0.5821
49 81 0.5821
49 99 0.02259
50 99 0.02259
50 100 0.02259
49 100 0.02259
49 82 0.2666
50 82 0.2666
50 83 0.2666
49 83 0.2666
49 118 0.5632
50 118 0.5632
49 95 0.01265
50 95 0.01265
50 96 0.01265
49 96 0.01265
49 18 1000
50 18 1000
49 119 0.1478
50 119 0.1478
50 120 0.1478
49 120 0.1478
49 19 0.05702
50 19 0.05702
50 20 0.05702
50 21 0.05702
49 20 0.05702
49 21 0.05702
49 22 0.223
50 22 0.223
50 23 0.223
49 23 0.223
49 24 0.4571
50 24 0.4571
49 25 0.01243
50 25 0.01243
50 26 0.01243
49 26 0.01243
49 84 1000
50 84 1000
49 85 1000
50 85 1000
50 86 1000
49 86 1000
49 9 0.7681
50 9 0.7681
49 87 1000
50 87 1000
50 88 1000
49 88 1000
49 10 0.1672
50 10 0.1672
49 89 1.582
50 89 1.582
49 3 1000
50 3 1000
50 4 1000
49 4 1000
104 11 0.01065
105 11 0.01065
104 27 0.01065
105 27 0.01065
104 12 0.0635
105 12 0.0635
104 41 0.3403
105 41 0.3403
104 42 0.316
105 42 0.316
105 43 0.316
104 43 0.316
104 37 0.2468
105 37 0.2468
105 38 0.2468
104 38 0.2468
104 49 0.008365
105 49 0.008365
105 50 0.008365
104 50 0.008365
104 105 1000
104 51 0.2525
105 51 0.2525
105 52 0.2525
104 52 0.2525
104 13 0.1833
105 13 0.1833
104 14 0.2411
105 14 0.2411
104 93 0.003577
105 93 0.003577
104 53 0.001901
105 53 0.001901
104 15 0.1456
105 15 0.1456
104 54 0.02636
105 54 0.02636
104 55 0.04436
105 55 0.04436
104 56 0.03992
105 56 0.03992
105 57 0.03992
104 57 0.03992
104 58 0.08751
105 58 0.08751
105 59 0.08751
104 59 0.08751
104 90 0.1373
105 90 0.1373
105 91 0.1373
104 91 0.1373
104 106 0.09153
105 106 0.09153
105 107 0.09153
104 107 0.09153
104 28 0.03265
105 28 0.03265
105 29 0.03265
104 29 0.03265
104 108 0.3419
105 108 0.3419
105 109 0.3419
105 110 0.3419
104 109 0.3419
104 110 0.3419
104 8 0.06387
105 8 0.06387
104 60 0.3273
105 60 0.3273
104 61 0.02054
105 61 0.02054
104 62 0.007985
105 62 0.007985
105 63 0.007985
104 63 0.007985
104 16 1000
105 16 1000
104 5 0.07452
105 5 0.07452
105 6 0.07452
104 6 0.07452
104 7 0.224
105 7 0.224
104 30 0.0327
105 30 0.0327
105 31 0.0327
104 31 0.0327
104 64 0.009506
105 64 0.009506
105 65 0.009506
104 65 0.009506
104 97 0.6504
105 97 0.6504
104 66 0.192
105 66 0.192
105 67 0.192
104 67 0.192
104 68 0.003802
105 68 0.003802
105 69 0.003802
104 69 0.003802
104 17 0.06464
105 17 0.06464
104 70 0.3598
105 70 0.3598
105 71 0.3598
104 71 0.3598
104 111 1.384
105 111 1.384
104 32 0.03118
105 32 0.03118
105 33 0.03118
105 34 0.03118
104 33 0.03118
104 34 0.03118
104 1 0.1639
105 1 0.1639
105 2 0.1639
104 2 0.1639
104 98 0.7521
105 98 0.7521
104 72 0.5688
105 72 0.5688
104 112 1000
105 112 1000
104 113 0.205
105 113 0.205
105 114 0.205
105 115 0.205
104 114 0.205
104 115 0.205
104 94 0.4058
105 94 0.4058
104 101 0.07272
105 101 0.07272
105 102 0.07272
104 102 0.07272
104 116 1000
105 116 1000
104 75 0.4114
105 75 0.4114
104 117 0.1826
105 117 0.1826
104 76 0.3891
105 76 0.3891
105 77 0.3891
104 77 0.3891
104 78 0.07795
105 78 0.07795
105 79 0.07795
104 79 0.07795
104 35 0.06692
105 35 0.06692
105 36 0.06692
104 36 0.06692
104 80 0.01293
105 80 0.01293
105 81 0.01293
104 81 0.01293
104 99 0.6211
105 99 0.6211
105 100 0.6211
104 100 0.6211
104 82 0.2989
105 82 0.2989
105 83 0.2989
104 83 0.2989
104 118 0.2474
105 118 0.2474
104 95 0.2683
105 95 0.2683
105 96 0.2683
104 96 0.2683
104 18 0.02961
105 18 0.02961
104 119 0.0576
105 119 0.0576
105 120 0.0576
104 120 0.0576
104 19 0.006844
105 19 0.006844
105 20 0.006844
105 21 0.006844
104 20 0.006844
104 21 0.006844
104 22 0.1011
105 22 0.1011
105 23 0.1011
104 23 0.1011
104 24 0.01901
105 24 0.01901
104 25 0.09316
105 25 0.09316
105 26 0.09316
104 26 0.09316
104 84 0.05247
105 84 0.05247
104 85 0.008745
105 85 0.008745
105 86 0.008745
104 86 0.008745
104 9 0.07162
105 9 0.07162
104 87 0.04039
105 87 0.04039
105 88 0.04039
104 88 0.04039
104 10 0.01559
105 10 0.01559
104 89 0.04929
105 89 0.04929
104 3 0.1375
105 3 0.1375
105 4 0.1375
104 4 0.1375
51 37 0.3658
52 37 0.3658
52 38 0.3658
51 38 0.3658
51 52 1000
51 13 0.4632
52 13 0.4632
51 14 0.3564
52 14 0.3564
51 93 0.2289
52 93 0.2289
51 53 0.2398
52 53 0.2398
51 15 0.3923
52 15 0.3923
51 54 0.3907
52 54 0.3907
51 55 1000
52 55 1000
51 56 0.2402
52 56 0.2402
52 57 0.2402
51 57 0.2402
51 58 0.3441
52 58 0.3441
52 59 0.3441
51 59 0.3441
51 90 0.3325
52 90 0.3325
52 91 0.3325
51 91 0.3325
51 106 0.4319
52 106 0.4319
52 107 0.4319
51 107 0.4319
51 28 0.7915
52 28 0.7915
52 29 0.7915
51 29 0.7915
51 108 0.3443
52 108 0.3443
52 109 0.3443
52 110 0.3443
51 109 0.3443
51 110 0.3443
51 8 1.27
52 8 1.27
51 60 1.148
52 60 1.148
51 61 0.3506
52 61 0.3506
51 62 0.2247
52 62 0.2247
52 63 0.2247
51 63 0.2247
51 16 0.2221
52 16 0.2221
51 5 0.2282
52 5 0.2282
52 6 0.2282
51 6 0.2282
51 7 0.2701
52 7 0.2701
51 30 0.1138
52 30 0.1138
52 31 0.1138
51 31 0.1138
51 64 0.04569
52 64 0.04569
52 65 0.04569
51 65 0.04569
51 97 0.05915
52 97 0.05915
51 66 1000
52 66 1000
52 67 1000
51 67 1000
51 68 0.2951
52 68 0.2951
52 69 0.2951
51 69 0.2951
51 17 0.212
52 17 0.212
51 70 1000
52 70 1000
52 71 1000
51 71 1000
51 111 0.1452
52 111 0.1452
51 32 0.04786
52 32 0.04786
52 33 0.04786
52 34 0.04786
51 33 0.04786
51 34 0.04786
51 1 0.2368
52 1 0.2368
52 2 0.2368
51 2 0.2368
51 98 0.2467
52 98 0.2467
51 72 0.3197
52 72 0.3197
51 94 0.2589
52 94 0.2589
51 73 0.6005
52 73 0.6005
52 74 0.6005
51 74 0.6005
51 75 0.2077
52 75 0.2077
51 76 0.1077
52 76 0.1077
52 77 0.1077
51 77 0.1077
51 78 0.1769
52 78 0.1769
52 79 0.1769
51 79 0.1769
51 35 0.34
52 35 0.34
52 36 0.34
51 36 0.34
51 80 0.2557
52 80 0.2557
52 81 0.2557
51 81 0.2557
51 99 0.339
52 99 0.339
52 100 0.339
51 100 0.339
51 82 1000
52 82 1000
52 83 1000
51 83 1000
51 118 0.3944
52 118 0.3944
51 95 0.7205
52 95 0.7205
52 96 0.7205
51 96 0.7205
51 18 0.7252
52 18 0.7252
51 119 0.426
52 119 0.426
52 120 0.426
51 120 0.426
51 19 0.007692
52 19 0.007692
52 20 0.007692
52 21 0.007692
51 20 0.007692
51 21 0.007692
51 22 0.2684
52 22 0.2684
52 23 0.2684
51 23 0.2684
51 24 0.218
52 24 0.218
51 25 0.3537
52 25 0.3537
52 26 0.3537
51 26 0.3537
51 84 0.09195
52 84 0.09195
51 85 0.02287
52 85 0.02287
52 86 0.02287
51 86 0.02287
51 9 0.3663
52 9 0.3663
51 87 0.04943
52 87 0.04943
52 88 0.04943
51 88 0.04943
51 10 0.1682
52 10 0.1682
51 89 0.1232
52 89 0.1232
51 3 0.191
52 3 0.191
52 4 0.191
51 4 0.191
13 14 0.09186
13 53 0.228
13 15 1000
13 56 0.0219
13 57 0.0219
13 58 0.1059
13 59 0.1059
13 90 0.1044
13 91 0.1044
13 8 0.5378
13 62 0.1025
13 63 0.1025
13 16 0.2785
13 5 0.01237
13 6 0.01237
13 7 0.0186
13 30 0.1413
13 31 0.1413
13 64 0.0638
13 65 0.0638
13 17 0.03661
13 32 0.01163
13 33 0.01163
13 34 0.01163
13 1 0.0314
13 2 0.0314
13 72 0.0112
13 78 0.0686
13 79 0.0686
13 80 0.05625
13 81 0.05625
13 99 0.3165
13 100 0.3165
13 82 0.2877
13 83 0.2877
13 95 0.2215
13 96 0.2215
13 18 0.2686
13 22 0.01279
13 23 0.01279
13 25 0.1402
13 26 0.1402
13 84 0.1167
13 9 0.2062
13 10 0.1192
13 3 0.2182
13 4 0.2182
14 53 0.1975
14 90 0.1834
14 91 0.1834
14 8 0.311
14 62 0.06373
14 63 0.06373
14 16 0.2534
14 7 0.6041
14 30 0.3103
14 31 0.3103
14 64 0.1465
14 65 0.1465
14 17 0.3105
14 32 0.8999
14 33 0.8999
14 34 0.8999
14 1 0.1776
14 2 0.1776
14 72 0.07761
14 94 0.0991
14 78 0.4773
14 79 0.4773
14 95 0.1989
14 96 0.1989
14 18 0.2279
14 22 0.1954
14 23 0.1954
14 25 0.196
14 26 0.196
14 84 0.1863
14 9 0.4385
14 87 0.05283
14 88 0.05283
14 10 0.3614
14 3 0.4094
14 4 0.4094
93 11 0.167
93 27 0.2136
93 12 0.2934
93 41 0.1418
93 47 0.1306
93 37 0.1621
93 38 0.1621
93 13 0.2718
93 14 0.2729
93 53 1000
93 15 0.2965
93 54 0.2639
93 55 0.4566
93 56 0.1599
93 57 0.1599
93 58 0.4669
93 59 0.4669
93 90 0.008425
93 91 0.008425
93 106 0.2544
93 107 0.2544
93 28 0.3176
93 29 0.3176
93 108 0.2028
93 109 0.2028
93 110 0.2028
93 8 0.4985
93 60 0.2582
93 61 1000
93 62 0.4434
93 63 0.4434
93 16 0.0136
93 5 0.2212
93 6 0.2212
93 7 0.233
93 30 1.277
93 31 1.277
93 64 1000
93 65 1000
93 97 0.03738
93 66 0.1894
93 67 0.1894
93 68 0.3463
93 69 0.3463
93 17 0.1392
93 70 0.4189
93 71 0.4189
93 111 0.01598
93 32 0.06868
93 33 0.06868
93 34 0.06868
93 1 0.2385
93 2 0.2385
93 98 0.1217
93 72 0.2273
93 112 0.07088
93 113 0.1153
93 114 0.1153
93 115 0.1153
93 94 0.1662
93 73 0.7987
93 74 0.7987
93 101 0.4189
93 102 0.4189
93 116 0.005433
93 75 0.1465
93 117 0.02436
93 76 0.1013
93 77 0.1013
93 78 0.1143
93 79 0.1143
93 35 0.3375
93 36 0.3375
93 80 0.3625
93 81 0.3625
93 99 0.02399
93 100 0.02399
93 82 0.3556
93 83 0.3556
93 118 0.4851
93 95 0.03077
93 96 0.03077
93 18 1000
93 119 0.191
93 120 0.191
93 19 0.09286
93 20 0.09286
93 21 0.09286
93 22 0.2559
93 23 0.2559
93 24 0.4442
93 25 0.03626
93 26 0.03626
93 84 1000
93 85 1000
93 86 1000
93 9 0.7113
93 87 1000
93 88 1000
93 10 0.2049
93 89 1.363
93 3 1000
93 4 1000
53 41 0.1163
53 46 0.1362
53 47 0.1142
53 15 0.3873
53 54 0.2843
53 55 0.4837
53 56 0.1808
53 57 0.1808
53 58 0.5899
53 59 0.5899
53 90 0.2113
53 91 0.2113
53 106 0.1629
53 107 0.1629
53 28 0.2776
53 29 0.2776
53 108 0.07808
53 109 0.07808
53 110 0.07808
53 8 0.4579
53 60 0.2401
53 61 1000
53 62 0.8443
53 63 0.8443
53 5 0.2222
53 6 0.2222
53 7 0.2432
53 30 0.7462
53 31 0.7462
53 64 0.6487
53 65 0.6487
53 97 0.01547
53 66 0.213
53 67 0.213
53 68 0.626
53 69 0.626
53 17 0.2414
53 70 0.3794
53 71 0.3794
53 111 0.007092
53 32 0.1237
53 33 0.1237
53 34 0.1237
53 1 0.2002
53 2 0.2002
53 98 0.04561
53 72 0.1305
53 94 0.07527
53 73 1000
53 74 1000
53 101 0.1203
53 102 0.1203
53 75 0.1471
53 76 0.09971
53 77 0.09971
53 78 0.099
53 79 0.099
53 35 0.3672
53 36 0.3672
53 80 0.5221
53 81 0.5221
53 99 0.01135
53 100 0.01135
53 82 0.2755
53 83 0.2755
53 118 0.2736
53 95 0.02269
53 96 0.02269
53 18 0.5753
53 119 0.1221
53 120 0.1221
53 19 0.1101
53 20 0.1101
53 21 0.1101
53 22 0.2379
53 23 0.2379
53 24 0.6965
53 25 0.09868
53 26 0.09868
53 84 0.6337
53 85 0.3642
53 86 0.3642
53 9 0.7012
53 87 0.3013
53 88 0.3013
53 10 0.2183
53 89 0.6144
53 3 1000
53 4 1000
15 14 0.1927
15 54 0.1252
15 56 0.1973
15 57 0.1973
15 58 0.2329
15 59 0.2329
15 90 1000
15 91 1000
15 8 0.6428
15 62 0.3173
15 63 0.3173
15 16 0.1862
15 5 0.02549
15 6 0.02549
15 7 0.07073
15 30 0.4482
15 31 0.4482
15 64 0.2903
15 65 0.2903
15 17 0.3541
15 32 0.01098
15 33 0.01098
15 34 0.01098
15 1 0.02439
15 2 0.02439
15 98 0.03198
15 72 0.01341
15 78 0.228
15 79 0.228
15 80 1000
15 81 1000
15 82 0.5462
15 83 0.5462
15 95 0.2676
15 96 0.2676
15 18 0.3587
15 19 0.012
15 20 0.012
15 21 0.012
15 22 0.1317
15 23 0.1317
15 24 0.2074
15 25 0.6424
15 26 0.6424
15 84 0.254
15 85 0.06827
15 86 0.06827
15 9 0.6625
15 87 0.06267
15 88 0.06267
15 10 0.5071
15 89 0.1447
15 3 0.5557
15 4 0.5557
54 27 0.08203
54 37 0.1273
54 38 0.1273
54 13 0.09688
54 14 0.09375
54 55 1000
54 56 0.2991
54 57 0.2991
54 58 0.4688
54 59 0.4688
54 90 0.3964
54 91 0.3964
54 106 0.3023
54 107 0.3023
54 28 0.1472
54 29 0.1472
54 108 0.1672
54 109 0.1672
54 110 0.1672
54 8 0.5947
54 60 0.1755
54 61 0.4482
54 62 0.4434
54 63 0.4434
54 16 0.04086
54 5 0.07469
54 6 0.07469
54 7 0.09375
54 30 0.1395
54 31 0.1395
54 64 0.08124
54 65 0.08124
54 97 0.03385
54 66 0.3381
54 67 0.3381
54 68 0.6029
54 69 0.6029
54 17 0.08672
54 70 0.2953
54 71 0.2953
54 111 0.04337
54 32 0.06016
54 33 0.06016
54 34 0.06016
54 1 0.08516
54 2 0.08516
54 98 0.04315
54 72 0.08594
54 94 0.09146
54 73 1000
54 74 1000
54 101 0.04043
54 102 0.04043
54 75 0.07055
54 76 0.03013
54 77 0.03013
54 78 0.09375
54 79 0.09375
54 35 0.568
54 36 0.568
54 80 0.1455
54 81 0.1455
54 99 0.1825
54 100 0.1825
54 82 0.6256
54 83 0.6256
54 118 0.2691
54 95 0.1952
54 96 0.1952
54 18 1000
54 119 0.2606
54 120 0.2606
54 19 0.05078
54 20 0.05078
54 21 0.05078
54 22 0.08359
54 23 0.08359
54 24 0.2756
54 25 0.4429
54 26 0.4429
54 84 0.1329
54 85 0.05481
54 86 0.05481
54 9 0.2527
54 87 0.06271
54 88 0.06271
54 10 0.1137
54 89 0.1112
54 3 0.2387
54 4 0.2387
55 27 0.3164
55 37 0.4799
55 38 0.4799
55 13 0.5403
55 14 0.5013
55 15 0.5447
55 56 0.5094
55 57 0.5094
55 58 0.6581
55 59 0.6581
55 90 0.4239
55 91 0.4239
55 106 0.6659
55 107 0.6659
55 28 0.6014
55 29 0.6014
55 108 0.4911
55 109 0.4911
55 110 0.4911
55 8 1000
55 60 0.5118
55 61 0.8432
55 62 1000
55 63 1000
55 16 0.1317
55 5 0.3874
55 6 0.3874
55 7 0.4528
55 30 0.4079
55 31 0.4079
55 64 0.3164
55 65 0.3164
55 97 0.1264
55 66 0.6433
55 67 0.6433
55 68 1000
55 69 1000
55 17 0.3918
55 70 0.695
55 71 0.695
55 111 0.1299
55 32 0.2371
55 33 0.2371
55 34 0.2371
55 1 0.427
55 2 0.427
55 98 0.315
55 72 0.3931
55 113 0.1029
55 114 0.1029
55 115 0.1029
55 94 0.2955
55 73 1000
55 74 1000
55 101 0.09602
55 102 0.09602
55 116 0.0191
55 75 0.3271
55 76 0.2687
55 77 0.2687
55 78 0.434
55 79 0.434
55 35 0.6133
55 36 0.6133
55 80 0.5527
55 81 0.5527
55 99 0.4355
55 100 0.4355
55 82 0.6369
55 83 0.6369
55 118 0.3981
55 95 0.5987
55 96 0.5987
55 18 1000
55 119 0.4622
55 120 0.4622
55 19 0.2415
55 20 0.2415
55 21 0.2415
55 22 0.4604
55 23 0.4604
55 24 0.415
55 25 0.4019
55 26 0.4019
55 84 0.3992
55 85 0.2079
55 86 0.2079
55 9 0.4633
55 87 0.2241
55 88 0.2241
55 10 0.3705
55 89 0.2596
55 3 0.5588
55 4 0.5588
56 37 0.04179
57 37 0.04179
57 38 0.04179
56 38 0.04179
56 14 0.04179
57 14 0.04179
56 57 1000
56 58 0.7667
57 58 0.7667
57 59 0.7667
56 59 0.7667
56 90 1000
57 90 1000
57 91 1000
56 91 1000
56 8 0.2672
57 8 0.2672
56 62 0.1341
57 62 0.1341
57 63 0.1341
56 63 0.1341
56 5 0.05835
57 5 0.05835
57 6 0.05835
56 6 0.05835
56 7 0.03881
57 7 0.03881
56 17 0.09389
57 17 0.09389
56 32 0.002985
57 32 0.002985
57 33 0.002985
57 34 0.002985
56 33 0.002985
56 34 0.002985
56 1 0.03134
57 1 0.03134
57 2 0.03134
56 2 0.03134
56 72 0.004478
57 72 0.004478
56 78 0.03284
57 78 0.03284
57 79 0.03284
56 79 0.03284
56 35 0.1096
57 35 0.1096
57 36 0.1096
56 36 0.1096
56 80 0.4343
57 80 0.4343
57 81 0.4343
56 81 0.4343
56 82 0.2161
57 82 0.2161
57 83 0.2161
56 83 0.2161
56 18 0.07336
57 18 0.07336
56 22 0.04328
57 22 0.04328
57 23 0.04328
56 23 0.04328
56 24 0.2839
57 24 0.2839
56 25 0.4732
57 25 0.4732
57 26 0.4732
56 26 0.4732
56 9 0.3134
57 9 0.3134
56 10 0.1539
57 10 0.1539
56 3 0.1387
57 3 0.1387
57 4 0.1387
56 4 0.1387
58 37 0.07734
59 37 0.07734
59 38 0.07734
58 38 0.07734
58 14 0.1453
59 14 0.1453
58 59 1000
58 90 1000
59 90 1000
59 91 1000
58 91 1000
58 106 0.2274
59 106 0.2274
59 107 0.2274
58 107 0.2274
58 28 0.1541
59 28 0.1541
59 29 0.1541
58 29 0.1541
58 108 0.1419
59 108 0.1419
59 109 0.1419
59 110 0.1419
58 109 0.1419
58 110 0.1419
58 8 0.441
59 8 0.441
58 60 0.1289
59 60 0.1289
58 61 0.6607
59 61 0.6607
58 62 0.7815
59 62 0.7815
59 63 0.7815
58 63 0.7815
58 16 0.0825
59 16 0.0825
58 5 0.1728
59 5 0.1728
59 6 0.1728
58 6 0.1728
58 7 0.2148
59 7 0.2148
58 30 0.4065
59 30 0.4065
59 31 0.4065
58 31 0.4065
58 64 0.2515
59 64 0.2515
59 65 0.2515
58 65 0.2515
58 97 0.04025
59 97 0.04025
58 66 0.1883
59 66 0.1883
59 67 0.1883
58 67 0.1883
58 68 0.7629
59 68 0.7629
59 69 0.7629
58 69 0.7629
58 17 0.1664
59 17 0.1664
58 70 0.2327
59 70 0.2327
59 71 0.2327
58 71 0.2327
58 111 0.1025
59 111 0.1025
58 32 0.09688
59 32 0.09688
59 33 0.09688
59 34 0.09688
58 33 0.09688
58 34 0.09688
58 1 0.2195
59 1 0.2195
59 2 0.2195
58 2 0.2195
58 98 0.0185
59 98 0.0185
58 72 0.04131
59 72 0.04131
58 94 0.09602
59 94 0.09602
58 73 0.6228
59 73 0.6228
59 74 0.6228
58 74 0.6228
58 75 0.05024
59 75 0.05024
58 76 0.03037
59 76 0.03037
59 77 0.03037
58 77 0.03037
58 78 0.1117
59 78 0.1117
59 79 0.1117
58 79 0.1117
58 35 1000
59 35 1000
59 36 1000
58 36 1000
58 80 1000
59 80 1000
59 81 1000
58 81 1000
58 99 0.1831
59 99 0.1831
59 100 0.1831
58 100 0.1831
58 82 0.2156
59 82 0.2156
59 83 0.2156
58 83 0.2156
58 95 0.1131
59 95 0.1131
59 96 0.1131
58 96 0.1131
58 18 0.2779
59 18 0.2779
58 119 0.2164
59 119 0.2164
59 120 0.2164
58 120 0.2164
58 19 0.1658
59 19 0.1658
59 20 0.1658
59 21 0.1658
58 20 0.1658
58 21 0.1658
58 22 0.2258
59 22 0.2258
59 23 0.2258
58 23 0.2258
58 24 1000
59 24 1000
58 25 1000
59 25 1000
59 26 1000
58 26 1000
58 84 0.2395
59 84 0.2395
58 85 0.1991
59 85 0.1991
59 86 0.1991
58 86 0.1991
58 9 0.985
59 9 0.985
58 87 0.1413
59 87 0.1413
59 88 0.1413
58 88 0.1413
58 10 0.6584
59 10 0.6584
58 89 0.3225
59 89 0.3225
58 3 0.5178
59 3 0.5178
59 4 0.5178
58 4 0.5178
90 91 1000
90 8 0.3554
91 8 0.3554
90 62 0.2781
91 62 0.2781
91 63 0.2781
90 63 0.2781
90 16 0.1275
91 16 0.1275
90 5 0.07315
91 5 0.07315
91 6 0.07315
90 6 0.07315
90 7 0.3138
91 7 0.3138
90 30 0.289
91 30 0.289
91 31 0.289
90 31 0.289
90 64 0.0811
91 64 0.0811
91 65 0.0811
90 65 0.0811
90 17 0.9722
91 17 0.9722
90 1 0.1375
91 1 0.1375
91 2 0.1375
90 2 0.1375
90 94 0.01135
91 94 0.01135
90 78 0.3212
91 78 0.3212
91 79 0.3212
90 79 0.3212
90 35 0.3313
91 35 0.3313
91 36 0.3313
90 36 0.3313
90 80 1000
91 80 1000
91 81 1000
90 81 1000
90 99 0.1246
91 99 0.1246
91 100 0.1246
90 100 0.1246
90 82 0.2818
91 82 0.2818
91 83 0.2818
90 83 0.2818
90 95 0.1058
91 95 0.1058
91 96 0.1058
90 96 0.1058
90 18 0.2201
91 18 0.2201
90 19 0.08246
91 19 0.08246
91 20 0.08246
91 21 0.08246
90 20 0.08246
90 21 0.08246
90 22 0.2193
91 22 0.2193
91 23 0.2193
90 23 0.2193
90 24 0.06627
91 24 0.06627
90 25 0.7641
91 25 0.7641
91 26 0.7641
90 26 0.7641
90 84 0.1586
91 84 0.1586
90 85 0.0006579
91 85 0.0006579
91 86 0.0006579
90 86 0.0006579
90 9 0.4522
91 9 0.4522
90 87 0.001974
91 87 0.001974
91 88 0.001974
90 88 0.001974
90 10 0.4178
91 10 0.4178
90 3 0.4346
91 3 0.4346
91 4 0.4346
90 4 0.4346
106 11 0.1286
107 11 0.1286
106 27 0.1457
107 27 0.1457
106 12 0.2214
107 12 0.2214
106 37 0.3529
107 37 0.3529
107 38 0.3529
106 38 0.3529
106 13 0.3686
107 13 0.3686
106 14 0.3671
107 14 0.3671
106 15 0.32
107 15 0.32
106 56 0.1829
107 56 0.1829
107 57 0.1829
106 57 0.1829
106 90 0.09714
107 90 0.09714
107 91 0.09714
106 91 0.09714
106 107 1000
106 28 0.9183
107 28 0.9183
107 29 0.9183
106 29 0.9183
106 108 1000
107 108 1000
107 109 1000
107 110 1000
106 109 1000
106 110 1000
106 8 1000
107 8 1000
106 60 0.4729
107 60 0.4729
106 61 0.4141
107 61 0.4141
106 62 0.1171
107 62 0.1171
107 63 0.1171
106 63 0.1171
106 16 0.1081
107 16 0.1081
106 5 0.1871
107 5 0.1871
107 6 0.1871
106 6 0.1871
106 7 0.2986
107 7 0.2986
106 30 0.1039
107 30 0.1039
107 31 0.1039
106 31 0.1039
106 64 0.1563
107 64 0.1563
107 65 0.1563
106 65 0.1563
106 97 0.2106
107 97 0.2106
106 66 0.4104
107 66 0.4104
107 67 0.4104
106 67 0.4104
106 68 0.2183
107 68 0.2183
107 69 0.2183
106 69 0.2183
106 17 0.1871
107 17 0.1871
106 70 0.5717
107 70 0.5717
107 71 0.5717
106 71 0.5717
106 111 0.2616
107 111 0.2616
106 32 0.1614
107 32 0.1614
107 33 0.1614
107 34 0.1614
106 33 0.1614
106 34 0.1614
106 1 0.25
107 1 0.25
107 2 0.25
106 2 0.25
106 98 0.1014
107 98 0.1014
106 72 0.3843
107 72 0.3843
106 112 0.1514
107 112 0.1514
106 113 0.1666
107 113 0.1666
107 114 0.1666
107 115 0.1666
106 114 0.1666
106 115 0.1666
106 94 0.4298
107 94 0.4298
106 73 0.8078
107 73 0.8078
107 74 0.8078
106 74 0.8078
106 101 0.1225
107 101 0.1225
107 102 0.1225
106 102 0.1225
106 75 0.4013
107 75 0.4013
106 117 0.3049
107 117 0.3049
106 76 0.2222
107 76 0.2222
107 77 0.2222
106 77 0.2222
106 78 0.2414
107 78 0.2414
107 79 0.2414
106 79 0.2414
106 35 0.2703
107 35 0.2703
107 36 0.2703
106 36 0.2703
106 80 0.2771
107 80 0.2771
107 81 0.2771
106 81 0.2771
106 99 0.3377
107 99 0.3377
107 100 0.3377
106 100 0.3377
106 82 0.3703
107 82 0.3703
107 83 0.3703
106 83 0.3703
106 118 1000
107 118 1000
106 95 1000
107 95 1000
107 96 1000
106 96 1000
106 18 1000
107 18 1000
106 119 1000
107 119 1000
107 120 1000
106 120 1000
106 19 0.05714
107 19 0.05714
107 20 0.05714
107 21 0.05714
106 20 0.05714
106 21 0.05714
106 22 0.2443
107 22 0.2443
107 23 0.2443
106 23 0.2443
106 24 0.1662
107 24 0.1662
106 25 0.1029
107 25 0.1029
107 26 0.1029
106 26 0.1029
106 84 0.143
107 84 0.143
106 85 0.06857
107 85 0.06857
107 86 0.06857
106 86 0.06857
106 9 0.1116
107 9 0.1116
106 87 0.1251
107 87 0.1251
107 88 0.1251
106 88 0.1251
106 10 0.06857
107 10 0.06857
106 89 0.2056
107 89 0.2056
106 3 0.213
107 3 0.213
107 4 0.213
106 4 0.213
28 37 0.09394
29 37 0.09394
29 38 0.09394
28 38 0.09394
28 13 0.3414
29 13 0.3414
28 14 0.201
29 14 0.201
28 15 0.2424
29 15 0.2424
28 56 0.07475
29 56 0.07475
29 57 0.07475
28 57 0.07475
28 90 0.04949
29 90 0.04949
29 91 0.04949
28 91 0.04949
28 29 1000
28 108 0.556
29 108 0.556
29 109 0.556
29 110 0.556
28 109 0.556
28 110 0.556
28 8 1000
29 8 1000
28 60 0.6227
29 60 0.6227
28 61 0.4787
29 61 0.4787
28 62 0.112
29 62 0.112
29 63 0.112
28 63 0.112
28 16 0.05387
29 16 0.05387
28 5 0.07509
29 5 0.07509
29 6 0.07509
28 6 0.07509
28 7 0.1051
29 7 0.1051
28 30 0.1329
29 30 0.1329
29 31 0.1329
28 31 0.1329
28 64 0.1167
29 64 0.1167
29 65 0.1167
28 65 0.1167
28 97 0.1232
29 97 0.1232
28 66 0.5112
29 66 0.5112
29 67 0.5112
28 67 0.5112
28 68 0.1734
29 68 0.1734
29 69 0.1734
28 69 0.1734
28 17 0.07476
29 17 0.07476
28 70 0.6475
29 70 0.6475
29 71 0.6475
28 71 0.6475
28 111 0.05127
29 111 0.05127
28 32 0.0697
29 32 0.0697
29 33 0.0697
29 34 0.0697
28 33 0.0697
28 34 0.0697
28 1 0.08788
29 1 0.08788
29 2 0.08788
28 2 0.08788
28 98 0.08199
29 98 0.08199
28 72 0.198
29 72 0.198
28 112 0.08673
29 112 0.08673
28 113 0.1146
29 113 0.1146
29 114 0.1146
29 115 0.1146
28 114 0.1146
28 115 0.1146
28 94 0.2164
29 94 0.2164
28 73 0.666
29 73 0.666
29 74 0.666
28 74 0.666
28 101 0.09857
29 101 0.09857
29 102 0.09857
28 102 0.09857
28 116 0.01241
29 116 0.01241
28 75 0.2875
29 75 0.2875
28 117 0.1741
29 117 0.1741
28 76 0.198
29 76 0.198
29 77 0.198
28 77 0.198
28 78 0.0899
29 78 0.0899
29 79 0.0899
28 79 0.0899
28 35 0.1298
29 35 0.1298
29 36 0.1298
28 36 0.1298
28 80 0.1107
29 80 0.1107
29 81 0.1107
28 81 0.1107
28 99 0.3006
29 99 0.3006
29 100 0.3006
28 100 0.3006
28 82 0.3884
29 82 0.3884
29 83 0.3884
28 83 0.3884
28 118 0.3352
29 118 0.3352
28 95 1000
29 95 1000
29 96 1000
28 96 1000
28 18 1000
29 18 1000
28 119 0.5846
29 119 0.5846
29 120 0.5846
28 120 0.5846
28 19 0.05648
29 19 0.05648
29 20 0.05648
29 21 0.05648
28 20 0.05648
28 21 0.05648
28 22 0.1121
29 22 0.1121
29 23 0.1121
28 23 0.1121
28 24 0.1623
29 24 0.1623
28 25 0.06472
29 25 0.06472
29 26 0.06472
28 26 0.06472
28 84 0.1542
29 84 0.1542
28 85 0.07923
29 85 0.07923
29 86 0.07923
28 86 0.07923
28 9 0.1281
29 9 0.1281
28 87 0.123
29 87 0.123
29 88 0.123
28 88 0.123
28 10 0.07641
29 10 0.07641
28 89 0.1777
29 89 0.1777
28 3 0.1781
29 3 0.1781
29 4 0.1781
28 4 0.1781
108 11 0.08438
109 11 0.08438
110 11 0.08438
108 27 0.1156
109 27 0.1156
110 27 0.1156
108 12 0.1146
109 12 0.1146
110 12 0.1146
108 37 0.08333
109 37 0.08333
110 37 0.08333
109 38 0.08333
110 38 0.08333
108 38 0.08333
108 13 0.2406
109 13 0.2406
110 13 0.2406
108 14 0.1646
109 14 0.1646
110 14 0.1646
108 15 0.1948
109 15 0.1948
110 15 0.1948
108 56 0.08229
109 56 0.08229
110 56 0.08229
109 57 0.08229
110 57 0.08229
108 57 0.08229
108 90 0.08333
109 90 0.08333
110 90 0.08333
109 91 0.08333
110 91 0.08333
108 91 0.08333
109 110 1000
108 109 1000
108 110 1000
108 8 1000
109 8 1000
110 8 1000
108 60 0.3947
109 60 0.3947
110 60 0.3947
108 61 0.2104
109 61 0.2104
110 61 0.2104
108 62 0.05268
109 62 0.05268
110 62 0.05268
109 63 0.05268
110 63 0.05268
108 63 0.05268
108 16 0.2375
109 16 0.2375
110 16 0.2375
108 5 0.08854
109 5 0.08854
110 5 0.08854
109 6 0.08854
110 6 0.08854
108 6 0.08854
108 7 0.07604
109 7 0.07604
110 7 0.07604
108 30 0.06931
109 30 0.06931
110 30 0.06931
109 31 0.06931
110 31 0.06931
108 31 0.06931
108 64 0.112
109 64 0.112
110 64 0.112
109 65 0.112
110 65 0.112
108 65 0.112
108 97 0.2181
109 97 0.2181
110 97 0.2181
108 66 0.2687
109 66 0.2687
110 66 0.2687
109 67 0.2687
110 67 0.2687
108 67 0.2687
108 68 0.1454
109 68 0.1454
110 68 0.1454
109 69 0.1454
110 69 0.1454
108 69 0.1454
108 17 0.06563
109 17 0.06563
110 17 0.06563
108 70 0.5385
109 70 0.5385
110 70 0.5385
109 71 0.5385
110 71 0.5385
108 71 0.5385
108 111 0.3401
109 111 0.3401
110 111 0.3401
108 32 0.04896
109 32 0.04896
110 32 0.04896
109 33 0.04896
109 34 0.04896
110 33 0.04896
110 34 0.04896
108 33 0.04896
108 34 0.04896
108 1 0.1031
109 1 0.1031
110 1 0.1031
109 2 0.1031
110 2 0.1031
108 2 0.1031
108 98 0.3256
109 98 0.3256
110 98 0.3256
108 72 0.1729
109 72 0.1729
110 72 0.1729
108 112 0.5423
109 112 0.5423
110 112 0.5423
108 113 0.4357
109 113 0.4357
110 113 0.4357
109 114 0.4357
109 115 0.4357
110 114 0.4357
110 115 0.4357
108 114 0.4357
108 115 0.4357
108 94 1000
109 94 1000
110 94 1000
108 73 0.3456
109 73 0.3456
110 73 0.3456
109 74 0.3456
110 74 0.3456
108 74 0.3456
108 101 0.3825
109 101 0.3825
110 101 0.3825
109 102 0.3825
110 102 0.3825
108 102 0.3825
108 116 0.2974
109 116 0.2974
110 116 0.2974
108 75 0.3575
109 75 0.3575
110 75 0.3575
108 117 1000
109 117 1000
110 117 1000
108 76 0.2041
109 76 0.2041
110 76 0.2041
109 77 0.2041
110 77 0.2041
108 77 0.2041
108 78 0.05937
109 78 0.05937
110 78 0.05937
109 79 0.05937
110 79 0.05937
108 79 0.05937
108 35 0.1646
109 35 0.1646
110 35 0.1646
109 36 0.1646
110 36 0.1646
108 36 0.1646
108 80 0.1094
109 80 0.1094
110 80 0.1094
109 81 0.1094
110 81 0.1094
108 81 0.1094
108 99 0.4534
109 99 0.4534
110 99 0.4534
109 100 0.4534
110 100 0.4534
108 100 0.4534
108 82 0.2618
109 82 0.2618
110 82 0.2618
109 83 0.2618
110 83 0.2618
108 83 0.2618
108 118 1000
109 118 1000
110 118 1000
108 95 1000
109 95 1000
110 95 1000
109 96 1000
110 96 1000
108 96 1000
108 18 0.8353
109 18 0.8353
110 18 0.8353
108 119 0.7731
109 119 0.7731
110 119 0.7731
109 120 0.7731
110 120 0.7731
108 120 0.7731
108 19 0.05729
109 19 0.05729
110 19 0.05729
109 20 0.05729
109 21 0.05729
110 20 0.05729
110 21 0.05729
108 20 0.05729
108 21 0.05729
108 22 0.1302
109 22 0.1302
110 22 0.1302
109 23 0.1302
110 23 0.1302
108 23 0.1302
108 24 0.09589
109 24 0.09589
110 24 0.09589
108 25 0.06979
109 25 0.06979
110 25 0.06979
109 26 0.06979
110 26 0.06979
108 26 0.06979
108 84 0.1295
109 84 0.1295
110 84 0.1295
108 85 0.02656
109 85 0.02656
110 85 0.02656
109 86 0.02656
110 86 0.02656
108 86 0.02656
108 9 0.07299
109 9 0.07299
110 9 0.07299
108 87 0.1349
109 87 0.1349
110 87 0.1349
109 88 0.1349
110 88 0.1349
108 88 0.1349
108 10 0.04063
109 10 0.04063
110 10 0.04063
108 89 0.2413
109 89 0.2413
110 89 0.2413
108 3 0.171
109 3 0.171
110 3 0.171
109 4 0.171
110 4 0.171
108 4 0.171
8 39 0.414
8 40 0.414
8 41 0.3134
8 60 1000
8 61 0.7628
8 62 0.4739
8 63 0.4739
8 16 0.08813
8 5 0.2097
8 6 0.2097
8 7 0.5396
8 30 0.3569
8 31 0.3569
8 64 0.2785
8 65 0.2785
8 97 0.2275
8 66 0.8288
8 67 0.8288
8 68 0.617
8 69 0.617
8 17 0.4631
8 70 0.6756
8 71 0.6756
8 111 0.1483
8 32 0.2037
8 33 0.2037
8 34 0.2037
8 1 0.2985
8 2 0.2985
8 98 0.2267
8 72 0.3751
8 94 0.189
8 73 1000
8 74 1000
8 101 0.04643
8 102 0.04643
8 116 0.0005814
8 75 0.3684
8 76 0.2506
8 77 0.2506
8 78 0.1726
8 79 0.1726
8 35 0.2967
8 36 0.2967
8 80 0.6276
8 81 0.6276
8 99 0.2136
8 100 0.2136
8 82 0.7857
8 83 0.7857
8 118 0.126
8 95 1000
8 96 1000
8 18 1000
8 119 1000
8 120 1000
8 19 0.1155
8 20 0.1155
8 21 0.1155
8 22 0.2187
8 23 0.2187
8 24 0.4959
8 25 0.247
8 26 0.247
8 84 0.2979
8 85 0.1967
8 86 0.1967
8 9 0.4231
8 87 0.1461
8 88 0.1461
8 10 0.2525
8 89 0.1845
8 3 0.454
8 4 0.454
60 37 0.1374
60 38 0.1374
60 13 0.1888
60 14 0.128
60 15 0.1364
60 56 0.05047
60 57 0.05047
60 90 0.08598
60 91 0.08598
60 61 0.3428
60 62 0.08784
60 63 0.08784
60 16 0.3587
60 5 0.05809
60 6 0.05809
60 7 0.1252
60 30 0.08484
60 31 0.08484
60 64 0.0899
60 65 0.0899
60 97 0.1011
60 66 0.5792
60 67 0.5792
60 68 0.1924
60 69 0.1924
60 17 0.08785
60 70 0.4869
60 71 0.4869
60 111 0.2829
60 32 0.01869
60 33 0.01869
60 34 0.01869
60 1 0.1103
60 2 0.1103
60 98 0.1093
60 72 0.1664
60 94 0.3152
60 73 1000
60 74 1000
60 101 0.08561
60 102 0.08561
60 75 0.233
60 76 0.1677
60 77 0.1677
60 78 0.04766
60 79 0.04766
60 35 0.07618
60 36 0.07618
60 80 0.104
60 81 0.104
60 99 0.4034
60 100 0.4034
60 82 0.2698
60 83 0.2698
60 118 0.4063
60 95 0.4571
60 96 0.4571
60 18 1000
60 119 0.4395
60 120 0.4395
60 19 0.02804
60 20 0.02804
60 21 0.02804
60 22 0.09626
60 23 0.09626
60 24 0.1134
60 25 0.1
60 26 0.1
60 84 0.1035
60 85 0.03913
60 86 0.03913
60 9 0.1693
60 87 0.06481
60 88 0.06481
60 10 0.09096
60 89 0.1282
60 3 0.129
60 4 0.129
61 41 0.2108
61 46 0.2518
61 37 0.2514
61 38 0.2514
61 13 0.3687
61 14 0.3299
61 15 0.3964
61 56 0.2892
61 57 0.2892
61 90 0.06763
61 91 0.06763
61 62 1000
61 63 1000
61 16 0.03436
61 5 0.3209
61 6 0.3209
61 7 0.2917
61 30 1.186
61 31 1.186
61 64 1000
61 65 1000
61 97 0.1247
61 66 0.3717
61 67 0.3717
61 68 0.8192
61 69 0.8192
61 17 0.232
61 70 0.5187
61 71 0.5187
61 111 0.06037
61 32 0.1144
61 33 0.1144
61 34 0.1144
61 1 0.2986
61 2 0.2986
61 98 0.1674
61 72 0.2432
61 113 0.07461
61 114 0.07461
61 115 0.07461
61 94 0.1988
61 73 1000
61 74 1000
61 101 0.2361
61 102 0.2361
61 75 0.2507
61 76 0.2018
61 77 0.2018
61 78 0.2094
61 79 0.2094
61 35 0.4748
61 36 0.4748
61 80 0.4114
61 81 0.4114
61 99 0.05616
61 100 0.05616
61 82 0.484
61 83 0.484
61 118 0.4419
61 95 0.1478
61 96 0.1478
61 18 1000
61 119 0.2133
61 120 0.2133
61 19 0.1745
61 20 0.1745
61 21 0.1745
61 22 0.341
61 23 0.341
61 24 0.7052
61 25 0.2086
61 26 0.2086
61 84 0.8814
61 85 0.5502
61 86 0.5502
61 9 0.8648
61 87 0.6616
61 88 0.6616
61 10 0.328
61 89 1.031
61 3 1000
61 4 1000
62 41 0.03393
63 41 0.03393
62 63 1000
62 16 0.02897
63 16 0.02897
62 5 0.08523
63 5 0.08523
63 6 0.08523
62 6 0.08523
62 7 0.1453
63 7 0.1453
62 30 0.431
63 30 0.431
63 31 0.431
62 31 0.431
62 64 0.2655
63 64 0.2655
63 65 0.2655
62 65 0.2655
62 66 0.2045
63 66 0.2045
63 67 0.2045
62 67 0.2045
62 68 1000
63 68 1000
63 69 1000
62 69 1000
62 17 0.1456
63 17 0.1456
62 70 0.2464
63 70 0.2464
63 71 0.2464
62 71 0.2464
62 32 0.009623
63 32 0.009623
63 33 0.009623
63 34 0.009623
62 33 0.009623
62 34 0.009623
62 1 0.06915
63 1 0.06915
63 2 0.06915
62 2 0.06915
62 98 0.03808
63 98 0.03808
62 72 0.04456
63 72 0.04456
62 94 0.04539
63 94 0.04539
62 73 1000
63 73 1000
63 74 1000
62 74 1000
62 75 0.04739
63 75 0.04739
62 76 0.008929
63 76 0.008929
63 77 0.008929
62 77 0.008929
62 78 0.04212
63 78 0.04212
63 79 0.04212
62 79 0.04212
62 35 0.5248
63 35 0.5248
63 36 0.5248
62 36 0.5248
62 80 0.4554
63 80 0.4554
63 81 0.4554
62 81 0.4554
62 99 0.02328
63 99 0.02328
63 100 0.02328
62 100 0.02328
62 82 0.2401
63 82 0.2401
63 83 0.2401
62 83 0.2401
62 95 0.05389
63 95 0.05389
63 96 0.05389
62 96 0.05389
62 18 0.4877
63 18 0.4877
62 19 0.04555
63 19 0.04555
63 20 0.04555
63 21 0.04555
62 20 0.04555
62 21 0.04555
62 22 0.07111
63 22 0.07111
63 23 0.07111
62 23 0.07111
62 24 0.7859
63 24 0.7859
62 25 0.2442
63 25 0.2442
63 26 0.2442
62 26 0.2442
62 84 0.2577
63 84 0.2577
62 85 0.1759
63 85 0.1759
63 86 0.1759
62 86 0.1759
62 9 1000
63 9 1000
62 87 0.06955
63 87 0.06955
63 88 0.06955
62 88 0.06955
62 10 0.1929
63 10 0.1929
62 89 0.2477
63 89 0.2477
62 3 0.7685
63 3 0.7685
63 4 0.7685
62 4 0.7685
16 11 0.01851
16 27 0.03128
16 12 0.07766
16 42 0.3523
16 43 0.3523
16 49 0.003191
16 50 0.003191
16 53 0.01723
16 56 0.03979
16 57 0.03979
16 5 0.06185
16 6 0.06185
16 7 0.3536
16 30 0.008723
16 31 0.008723
16 64 0.004569
16 65 0.004569
16 97 1.294
16 66 0.2106
16 67 0.2106
16 68 0.01664
16 69 0.01664
16 17 0.1384
16 70 0.3524
16 71 0.3524
16 111 1000
16 32 0.01478
16 33 0.01478
16 34 0.01478
16 1 0.1416
16 2 0.1416
16 98 0.5574
16 72 0.7546
16 112 0.4149
16 113 0.002731
16 114 0.002731
16 115 0.002731
16 94 0.3613
16 73 0.05222
16 74 0.05222
16 101 0.01893
16 102 0.01893
16 116 0.04974
16 75 0.5872
16 117 1000
16 76 0.9356
16 77 0.9356
16 78 0.05944
16 79 0.05944
16 35 0.05847
16 36 0.05847
16 80 0.06281
16 81 0.06281
16 99 1000
16 100 1000
16 82 0.2612
16 83 0.2612
16 118 0.0326
16 95 0.2196
16 96 0.2196
16 18 0.04104
16 119 0.05225
16 120 0.05225
16 19 0.01468
16 20 0.01468
16 21 0.01468
16 22 0.06499
16 23 0.06499
16 24 0.06119
16 25 0.08702
16 26 0.08702
16 84 0.03213
16 85 0.00383
16 86 0.00383
16 9 0.08905
16 87 0.01724
16 88 0.01724
16 10 0.0283
16 89 0.006801
16 3 0.09728
16 4 0.09728
5 37 0.004317
6 37 0.004317
6 38 0.004317
5 38 0.004317
5 14 0.01295
6 14 0.01295
5 6 1000
5 7 0.1849
6 7 0.1849
5 30 0.253
6 30 0.253
6 31 0.253
5 31 0.253
5 64 0.2144
6 64 0.2144
6 65 0.2144
5 65 0.2144
5 66 0.1075
6 66 0.1075
6 67 0.1075
5 67 0.1075
5 68 0.1372
6 68 0.1372
6 69 0.1372
5 69 0.1372
5 17 0.2638
6 17 0.2638
5 70 0.1898
6 70 0.1898
6 71 0.1898
5 71 0.1898
5 32 0.007194
6 32 0.007194
6 33 0.007194
6 34 0.007194
5 33 0.007194
5 34 0.007194
5 1 0.6651
6 1 0.6651
6 2 0.6651
5 2 0.6651
5 72 0.01752
6 72 0.01752
5 73 0.2854
6 73 0.2854
6 74 0.2854
5 74 0.2854
5 75 0.02319
6 75 0.02319
5 76 0.006089
6 76 0.006089
6 77 0.006089
5 77 0.006089
5 78 0.01125
6 78 0.01125
6 79 0.01125
5 79 0.01125
5 35 0.06652
6 35 0.06652
6 36 0.06652
5 36 0.06652
5 80 0.05129
6 80 0.05129
6 81 0.05129
5 81 0.05129
5 82 0.02657
6 82 0.02657
6 83 0.02657
5 83 0.02657
5 95 0.06484
6 95 0.06484
6 96 0.06484
5 96 0.06484
5 18 0.1386
6 18 0.1386
5 19 0.0737
6 19 0.0737
6 20 0.0737
6 21 0.0737
5 20 0.0737
5 21 0.0737
5 22 0.05893
6 22 0.05893
6 23 0.05893
5 23 0.05893
5 24 1000
6 24 1000
5 25 0.1396
6 25 0.1396
6 26 0.1396
5 26 0.1396
5 84 0.2105
6 84 0.2105
5 85 0.0901
6 85 0.0901
6 86 0.0901
5 86 0.0901
5 9 0.6961
6 9 0.6961
5 87 0.04046
6 87 0.04046
6 88 0.04046
5 88 0.04046
5 10 0.6115
6 10 0.6115
5 89 0.09113
6 89 0.09113
5 3 0.5902
6 3 0.5902
6 4 0.5902
5 4 0.5902
7 30 0.5889
7 31 0.5889
7 64 0.3511
7 65 0.3511
7 17 0.2954
7 32 1000
7 33 1000
7 34 1000
7 1 1000
7 2 1000
7 98 0.03307
7 72 0.07981
7 94 0.08554
7 78 0.1366
7 79 0.1366
7 99 0.2401
7 100 0.2401
7 95 0.1541
7 96 0.1541
7 18 0.2979
7 22 0.1693
7 23 0.1693
7 25 0.3816
7 26 0.3816
7 84 0.5579
7 9 0.7956
7 10 0.7141
7 89 0.0001942
7 3 0.7683
7 4 0.7683
30 56 0.06522
31 56 0.06522
31 57 0.06522
30 57 0.06522
30 31 1000
30 64 1.439
31 64 1.439
31 65 1.439
30 65 1.439
30 66 0.1102
31 66 0.1102
31 67 0.1102
30 67 0.1102
30 68 0.4848
31 68 0.4848
31 69 0.4848
30 69 0.4848
30 17 0.3588
31 17 0.3588
30 70 0.233
31 70 0.233
31 71 0.233
30 71 0.233
30 32 0.3127
31 32 0.3127
31 33 0.3127
31 34 0.3127
30 33 0.3127
30 34 0.3127
30 1 0.2157
31 1 0.2157
31 2 0.2157
30 2 0.2157
30 98 0.1242
31 98 0.1242
30 72 0.2179
31 72 0.2179
30 112 0.1486
31 112 0.1486
30 113 0.2582
31 113 0.2582
31 114 0.2582
31 115 0.2582
30 114 0.2582
30 115 0.2582
30 94 0.1111
31 94 0.1111
30 73 0.6034
31 73 0.6034
31 74 0.6034
30 74 0.6034
30 101 0.2767
31 101 0.2767
31 102 0.2767
30 102 0.2767
30 116 0.07079
31 116 0.07079
30 75 0.008696
31 75 0.008696
30 117 0.08342
31 117 0.08342
30 76 0.0344
31 76 0.0344
31 77 0.0344
30 77 0.0344
30 78 0.1024
31 78 0.1024
31 79 0.1024
30 79 0.1024
30 35 0.1958
31 35 0.1958
31 36 0.1958
30 36 0.1958
30 80 0.6449
31 80 0.6449
31 81 0.6449
30 81 0.6449
30 99 0.03396
31 99 0.03396
31 100 0.03396
30 100 0.03396
30 82 0.2536
31 82 0.2536
31 83 0.2536
30 83 0.2536
30 118 0.5511
31 118 0.5511
30 95 0.03033
31 95 0.03033
31 96 0.03033
30 96 0.03033
30 18 0.4768
31 18 0.4768
30 119 0.141
31 119 0.141
31 120 0.141
30 120 0.141
30 19 0.1075
31 19 0.1075
31 20 0.1075
31 21 0.1075
30 20 0.1075
30 21 0.1075
30 22 0.181
31 22 0.181
31 23 0.181
30 23 0.181
30 24 0.6776
31 24 0.6776
30 25 0.02439
31 25 0.02439
31 26 0.02439
30 26 0.02439
30 84 1000
31 84 1000
30 85 1000
31 85 1000
31 86 1000
30 86 1000
30 9 1000
31 9 1000
30 87 0.5341
31 87 0.5341
31 88 0.5341
30 88 0.5341
30 10 0.2802
31 10 0.2802
30 89 1000
31 89 1000
30 3 1000
31 3 1000
31 4 1000
30 4 1000
64 41 0.02794
65 41 0.02794
64 46 0.03016
65 46 0.03016
64 56 0.0127
65 56 0.0127
65 57 0.0127
64 57 0.0127
64 65 1000
64 97 0.09882
65 97 0.09882
64 66 0.05651
65 66 0.05651
65 67 0.05651
64 67 0.05651
64 68 0.1433
65 68 0.1433
65 69 0.1433
64 69 0.1433
64 17 0.1031
65 17 0.1031
64 70 0.22
65 70 0.22
65 71 0.22
64 71 0.22
64 111 0.00254
65 111 0.00254
64 32 0.1432
65 32 0.1432
65 33 0.1432
65 34 0.1432
64 33 0.1432
64 34 0.1432
64 1 0.1491
65 1 0.1491
65 2 0.1491
64 2 0.1491
64 98 0.2089
65 98 0.2089
64 72 0.1427
65 72 0.1427
64 112 0.1793
65 112 0.1793
64 113 0.3229
65 113 0.3229
65 114 0.3229
65 115 0.3229
64 114 0.3229
64 115 0.3229
64 94 0.2038
65 94 0.2038
64 73 1000
65 73 1000
65 74 1000
64 74 1000
64 101 1000
65 101 1000
65 102 1000
64 102 1000
64 116 0.0837
65 116 0.0837
64 75 0.02032
65 75 0.02032
64 117 0.05238
65 117 0.05238
64 76 0.01488
65 76 0.01488
65 77 0.01488
64 77 0.01488
64 78 0.03176
65 78 0.03176
65 79 0.03176
64 79 0.03176
64 35 0.08128
65 35 0.08128
65 36 0.08128
64 36 0.08128
64 80 0.1979
65 80 0.1979
65 81 0.1979
64 81 0.1979
64 99 0.03302
65 99 0.03302
65 100 0.03302
64 100 0.03302
64 82 0.1446
65 82 0.1446
65 83 0.1446
64 83 0.1446
64 118 0.5757
65 118 0.5757
64 95 0.01016
65 95 0.01016
65 96 0.01016
64 96 0.01016
64 18 0.5301
65 18 0.5301
64 119 0.1538
65 119 0.1538
65 120 0.1538
64 120 0.1538
64 19 0.02359
65 19 0.02359
65 20 0.02359
65 21 0.02359
64 20 0.02359
64 21 0.02359
64 22 0.06885
65 22 0.06885
65 23 0.06885
64 23 0.06885
64 24 0.3035
65 24 0.3035
64 25 0.005147
65 25 0.005147
65 26 0.005147
64 26 0.005147
64 84 1000
65 84 1000
64 85 0.825
65 85 0.825
65 86 0.825
64 86 0.825
64 9 0.5485
65 9 0.5485
64 87 1000
65 87 1000
65 88 1000
64 88 1000
64 10 0.07938
65 10 0.07938
64 89 1000
65 89 1000
64 3 1000
65 3 1000
65 4 1000
64 4 1000
97 27 0.00193
97 12 0.0278
97 37 0.03282
97 38 0.03282
97 13 0.0332
97 14 0.02819
97 15 0.02664
97 56 0.02317
97 57 0.02317
97 90 0.03012
97 91 0.03012
97 62 0.0139
97 63 0.0139
97 5 0.008494
97 6 0.008494
97 7 0.02432
97 30 0.3178
97 31 0.3178
97 66 0.0305
97 67 0.0305
97 68 0.007239
97 69 0.007239
97 17 0.03012
97 70 0.1787
97 71 0.1787
97 111 1000
97 32 0.002317
97 33 0.002317
97 34 0.002317
97 1 0.02355
97 2 0.02355
97 98 0.8834
97 72 0.127
97 112 0.5032
97 113 0.1895
97 114 0.1895
97 115 0.1895
97 94 0.4723
97 101 0.06441
97 102 0.06441
97 116 0.1756
97 75 0.0736
97 117 0.1063
97 76 1000
97 77 1000
97 78 0.01892
97 79 0.01892
97 35 0.03089
97 36 0.03089
97 80 0.004262
97 81 0.004262
97 99 0.7793
97 100 0.7793
97 82 0.04351
97 83 0.04351
97 118 0.2801
97 95 0.6936
97 96 0.6936
97 18 0.1449
97 119 0.1284
97 120 0.1284
97 19 0.00193
97 20 0.00193
97 21 0.00193
97 22 0.01158
97 23 0.01158
97 24 0.02955
97 25 0.02896
97 26 0.02896
97 84 0.09848
97 85 0.002835
97 86 0.002835
97 9 0.2622
97 87 0.02069
97 88 0.02069
97 10 0.06255
97 89 0.06711
97 3 0.6049
97 4 0.6049
66 27 0.04643
67 27 0.04643
66 12 0.1196
67 12 0.1196
66 37 0.1464
67 37 0.1464
67 38 0.1464
66 38 0.1464
66 13 0.1411
67 13 0.1411
66 14 0.1071
67 14 0.1071
66 15 0.1196
67 15 0.1196
66 56 0.1607
67 56 0.1607
67 57 0.1607
66 57 0.1607
66 90 0.1911
67 90 0.1911
67 91 0.1911
66 91 0.1911
66 7 0.1071
67 7 0.1071
66 67 1000
66 68 0.3083
67 68 0.3083
67 69 0.3083
66 69 0.3083
66 17 0.1071
67 17 0.1071
66 70 0.5339
67 70 0.5339
67 71 0.5339
66 71 0.5339
66 111 0.1108
67 111 0.1108
66 32 0.07143
67 32 0.07143
67 33 0.07143
67 34 0.07143
66 33 0.07143
66 34 0.07143
66 1 0.1071
67 1 0.1071
67 2 0.1071
66 2 0.1071
66 98 0.1082
67 98 0.1082
66 72 0.1161
67 72 0.1161
66 94 0.1947
67 94 0.1947
66 75 0.1257
67 75 0.1257
66 76 0.06786
67 76 0.06786
67 77 0.06786
66 77 0.06786
66 78 0.1071
67 78 0.1071
67 79 0.1071
66 79 0.1071
66 35 0.1369
67 35 0.1369
67 36 0.1369
66 36 0.1369
66 80 0.1144
67 80 0.1144
67 81 0.1144
66 81 0.1144
66 99 0.2931
67 99 0.2931
67 100 0.2931
66 100 0.2931
66 82 0.5236
67 82 0.5236
67 83 0.5236
66 83 0.5236
66 95 0.4581
67 95 0.4581
67 96 0.4581
66 96 0.4581
66 18 0.4903
67 18 0.4903
66 19 0.01429
67 19 0.01429
67 20 0.01429
67 21 0.01429
66 20 0.01429
66 21 0.01429
66 22 0.1071
67 22 0.1071
67 23 0.1071
66 23 0.1071
66 24 0.1304
67 24 0.1304
66 25 0.1143
67 25 0.1143
67 26 0.1143
66 26 0.1143
66 84 0.1065
67 84 0.1065
66 9 0.1618
67 9 0.1618
66 10 0.1327
67 10 0.1327
66 3 0.2367
67 3 0.2367
67 4 0.2367
66 4 0.2367
68 37 0.1014
69 37 0.1014
69 38 0.1014
68 38 0.1014
68 13 0.2973
69 13 0.2973
68 14 0.1872
69 14 0.1872
68 15 0.3351
69 15 0.3351
68 56 0.2574
69 56 0.2574
69 57 0.2574
68 57 0.2574
68 90 0.1622
69 90 0.1622
69 91 0.1622
68 91 0.1622
68 7 0.1311
69 7 0.1311
68 69 1000
68 17 0.09797
69 17 0.09797
68 70 0.3601
69 70 0.3601
69 71 0.3601
68 71 0.3601
68 32 0.02703
69 32 0.02703
69 33 0.02703
69 34 0.02703
68 33 0.02703
68 34 0.02703
68 1 0.1493
69 1 0.1493
69 2 0.1493
68 2 0.1493
68 98 0.07603
69 98 0.07603
68 72 0.1439
69 72 0.1439
68 94 0.05054
69 94 0.05054
68 73 1000
69 73 1000
69 74 1000
68 74 1000
68 75 0.05962
69 75 0.05962
68 76 0.04226
69 76 0.04226
69 77 0.04226
68 77 0.04226
68 78 0.06486
69 78 0.06486
69 79 0.06486
68 79 0.06486
68 35 0.7096
69 35 0.7096
69 36 0.7096
68 36 0.7096
68 80 0.3948
69 80 0.3948
69 81 0.3948
68 81 0.3948
68 99 0.06671
69 99 0.06671
69 100 0.06671
68 100 0.06671
68 82 0.5008
69 82 0.5008
69 83 0.5008
68 83 0.5008
68 95 0.09968
69 95 0.09968
69 96 0.09968
68 96 0.09968
68 18 0.3287
69 18 0.3287
68 19 0.05146
69 19 0.05146
69 20 0.05146
69 21 0.05146
68 20 0.05146
68 21 0.05146
68 22 0.1973
69 22 0.1973
69 23 0.1973
68 23 0.1973
68 24 0.6414
69 24 0.6414
68 25 0.2836
69 25 0.2836
69 26 0.2836
68 26 0.2836
68 84 0.2722
69 84 0.2722
68 85 0.1646
69 85 0.1646
69 86 0.1646
68 86 0.1646
68 9 0.7171
69 9 0.7171
68 87 0.04643
69 87 0.04643
69 88 0.04643
68 88 0.04643
68 10 0.258
69 10 0.258
68 89 0.1197
69 89 0.1197
68 3 0.6327
69 3 0.6327
69 4 0.6327
68 4 0.6327
17 32 0.06757
17 33 0.06757
17 34 0.06757
17 1 0.1797
17 2 0.1797
17 98 0.01731
17 72 0.01902
17 78 0.3763
17 79 0.3763
17 80 0.6217
17 81 0.6217
17 82 0.04082
17 83 0.04082
17 95 0.09706
17 96 0.09706
17 18 0.2454
17 19 0.04123
17 20 0.04123
17 21 0.04123
17 22 0.8365
17 23 0.8365
17 25 0.6642
17 26 0.6642
17 84 0.2067
17 9 0.7344
17 10 0.7293
17 3 0.5785
17 4 0.5785
70 37 0.2
71 37 0.2
71 38 0.2
70 38 0.2
70 13 0.2
71 13 0.2
70 14 0.2
71 14 0.2
70 15 0.2
71 15 0.2
70 56 0.12
71 56 0.12
71 57 0.12
70 57 0.12
70 90 0.072
71 90 0.072
71 91 0.072
70 91 0.072
70 7 0.2
71 7 0.2
70 17 0.16
71 17 0.16
70 71 1000
70 111 0.3257
71 111 0.3257
70 32 0.144
71 32 0.144
71 33 0.144
71 34 0.144
70 33 0.144
70 34 0.144
70 1 0.16
71 1 0.16
71 2 0.16
70 2 0.16
70 98 0.2241
71 98 0.2241
70 72 0.2
71 72 0.2
70 113 0.2126
71 113 0.2126
71 114 0.2126
71 115 0.2126
70 114 0.2126
70 115 0.2126
70 94 0.3944
71 94 0.3944
70 73 1000
71 73 1000
71 74 1000
70 74 1000
70 101 0.1513
71 101 0.1513
71 102 0.1513
70 102 0.1513
70 75 0.3186
71 75 0.3186
70 76 0.1691
71 76 0.1691
71 77 0.1691
70 77 0.1691
70 78 0.188
71 78 0.188
71 79 0.188
70 79 0.188
70 35 0.1953
71 35 0.1953
71 36 0.1953
70 36 0.1953
70 80 0.2039
71 80 0.2039
71 81 0.2039
70 81 0.2039
70 99 0.4882
71 99 0.4882
71 100 0.4882
70 100 0.4882
70 82 0.3263
71 82 0.3263
71 83 0.3263
70 83 0.3263
70 118 0.5085
71 118 0.5085
70 95 0.3172
71 95 0.3172
71 96 0.3172
70 96 0.3172
70 18 0.4424
71 18 0.4424
70 119 0.5614
71 119 0.5614
71 120 0.5614
70 120 0.5614
70 19 0.128
71 19 0.128
71 20 0.128
71 21 0.128
70 20 0.128
70 21 0.128
70 22 0.18
71 22 0.18
71 23 0.18
70 23 0.18
70 24 0.2375
71 24 0.2375
70 25 0.148
71 25 0.148
71 26 0.148
70 26 0.148
70 84 0.2402
71 84 0.2402
70 85 0.202
71 85 0.202
71 86 0.202
70 86 0.202
70 9 0.2123
71 9 0.2123
70 87 0.2163
71 87 0.2163
71 88 0.2163
70 88 0.2163
70 10 0.1635
71 10 0.1635
70 89 0.2904
71 89 0.2904
70 3 0.2666
71 3 0.2666
71 4 0.2666
70 4 0.2666
111 11 0.00355
111 27 0.01361
111 12 0.05444
111 37 0.145
111 38 0.145
111 13 0.1077
111 14 0.1272
111 15 0.07041
111 56 0.0355
111 57 0.0355
111 90 0.1633
111 91 0.1633
111 62 0.005325
111 63 0.005325
111 5 0.01598
111 6 0.01598
111 7 0.1331
111 30 0.007692
111 31 0.007692
111 68 0.007692
111 69 0.007692
111 17 0.04852
111 32 0.0142
111 33 0.0142
111 34 0.0142
111 1 0.113
111 2 0.113
111 98 1000
111 72 0.3633
111 112 0.4451
111 113 0.2012
111 114 0.2012
111 115 0.2012
111 94 1000
111 101 0.05246
111 102 0.05246
111 116 0.2086
111 75 0.3609
111 117 0.1695
111 76 0.4598
111 77 0.4598
111 78 0.02249
111 79 0.02249
111 35 0.08935
111 36 0.08935
111 80 0.002367
111 81 0.002367
111 99 0.6549
111 100 0.6549
111 82 0.1996
111 83 0.1996
111 118 0.2457
111 95 0.255
111 96 0.255
111 119 0.1139
111 120 0.1139
111 19 0.01006
111 20 0.01006
111 21 0.01006
111 22 0.03136
111 23 0.03136
111 24 0.05895
111 25 0.1527
111 26 0.1527
111 84 0.01202
111 85 0.001775
111 86 0.001775
111 9 0.1615
111 87 0.02506
111 88 0.02506
111 10 0.05089
111 3 0.1072
111 4 0.1072
32 90 0.06508
33 90 0.06508
34 90 0.06508
33 91 0.06508
34 91 0.06508
32 91 0.06508
33 34 1000
32 33 1000
32 34 1000
32 1 0.2172
33 1 0.2172
34 1 0.2172
33 2 0.2172
34 2 0.2172
32 2 0.2172
32 78 0.1253
33 78 0.1253
34 78 0.1253
33 79 0.1253
34 79 0.1253
32 79 0.1253
32 99 0.07466
33 99 0.07466
34 99 0.07466
33 100 0.07466
34 100 0.07466
32 100 0.07466
32 95 0.04023
33 95 0.04023
34 95 0.04023
33 96 0.04023
34 96 0.04023
32 96 0.04023
32 18 0.1264
33 18 0.1264
34 18 0.1264
32 22 0.1015
33 22 0.1015
34 22 0.1015
33 23 0.1015
34 23 0.1015
32 23 0.1015
32 25 0.03233
33 25 0.03233
34 25 0.03233
33 26 0.03233
34 26 0.03233
32 26 0.03233
32 84 0.2717
33 84 0.2717
34 84 0.2717
32 9 0.4175
33 9 0.4175
34 9 0.4175
32 10 0.2378
33 10 0.2378
34 10 0.2378
32 3 0.5211
33 3 0.5211
34 3 0.5211
33 4 0.5211
34 4 0.5211
32 4 0.5211
1 2 1000
1 72 0.03999
2 72 0.03999
1 94 0.06667
2 94 0.06667
1 99 0.1738
2 99 0.1738
2 100 0.1738
1 100 0.1738
1 95 0.06146
2 95 0.06146
2 96 0.06146
1 96 0.06146
1 18 0.118
2 18 0.118
1 22 0.0821
2 22 0.0821
2 23 0.0821
1 23 0.0821
1 25 0.2025
2 25 0.2025
2 26 0.2025
1 26 0.2025
1 84 0.2001
2 84 0.2001
1 9 0.4849
2 9 0.4849
1 10 0.4083
2 10 0.4083
1 3 0.3708
2 3 0.3708
2 4 0.3708
1 4 0.3708
98 11 0.001891
98 27 0.002545
98 12 0.009891
98 37 0.02029
98 38 0.02029
98 13 0.04429
98 14 0.02887
98 56 0.004582
98 57 0.004582
98 90 0.007345
98 91 0.007345
98 5 0.009382
98 6 0.009382
98 32 0.004291
98 33 0.004291
98 34 0.004291
98 1 0.01185
98 2 0.01185
98 72 0.1876
98 112 0.4904
98 113 1000
98 114 1000
98 115 1000
98 94 1000
98 73 0.2751
98 74 0.2751
98 101 0.421
98 102 0.421
98 116 1000
98 75 0.123
98 117 0.4037
98 76 0.4877
98 77 0.4877
98 78 0.01333
98 79 0.01333
98 35 0.009091
98 36 0.009091
98 80 0.004364
98 81 0.004364
98 99 0.4736
98 100 0.4736
98 82 0.05518
98 83 0.05518
98 118 1000
98 95 0.2773
98 96 0.2773
98 18 0.2436
98 119 0.136
98 120 0.136
98 19 0.001455
98 20 0.001455
98 21 0.001455
98 22 0.01935
98 23 0.01935
98 24 0.002691
98 25 0.002982
98 26 0.002982
98 84 0.122
98 85 0.006982
98 86 0.006982
98 9 0.01747
98 87 0.1458
98 88 0.1458
98 10 0.0024
98 89 0.3804
98 3 0.1892
98 4 0.1892
72 90 0.1279
72 91 0.1279
72 32 0.01939
72 33 0.01939
72 34 0.01939
72 112 0.1202
72 94 0.3367
72 76 0.04932
72 77 0.04932
72 78 0.02832
72 79 0.02832
72 35 0.02915
72 36 0.02915
72 99 0.4933
72 100 0.4933
72 82 0.04331
72 83 0.04331
72 95 0.2358
72 96 0.2358
72 18 0.266
72 22 0.02992
72 23 0.02992
72 25 0.1188
72 26 0.1188
72 84 0.3041
72 85 0.02589
72 86 0.02589
72 9 0.2733
72 87 0.1042
72 88 0.1042
72 10 0.2071
72 89 0.09537
72 3 0.4737
72 4 0.4737
112 11 0.01209
112 27 0.01871
112 12 0.03548
112 47 0.1836
112 37 0.03392
112 38 0.03392
112 49 0.1405
112 50 0.1405
112 51 0.1041
112 52 0.1041
112 13 0.09181
112 14 0.06043
112 53 0.03411
112 15 0.07018
112 54 0.03918
112 55 0.0809
112 56 0.01462
112 57 0.01462
112 58 0.04717
112 59 0.04717
112 90 0.007602
112 91 0.007602
112 8 0.00117
112 60 0.1524
112 61 0.05789
112 62 0.02144
112 63 0.02144
112 5 0.02534
112 6 0.02534
112 7 0.0191
112 66 0.08246
112 67 0.08246
112 68 0.01423
112 69 0.01423
112 17 0.01423
112 70 0.1655
112 71 0.1655
112 32 0.005458
112 33 0.005458
112 34 0.005458
112 1 0.01871
112 2 0.01871
112 113 1000
112 114 1000
112 115 1000
112 94 1000
112 73 0.01754
112 74 0.01754
112 101 1000
112 102 1000
112 116 1000
112 75 0.1776
112 117 1000
112 76 0.3282
112 77 0.3282
112 78 0.0152
112 79 0.0152
112 35 0.03957
112 36 0.03957
112 80 0.03197
112 81 0.03197
112 99 1000
112 100 1000
112 82 0.09298
112 83 0.09298
112 118 1000
112 95 0.4171
112 96 0.4171
112 18 0.08641
112 119 0.1623
112 120 0.1623
112 19 0.004873
112 20 0.004873
112 21 0.004873
112 22 0.04444
112 23 0.04444
112 24 0.02982
112 25 0.008187
112 26 0.008187
112 84 0.1559
112 85 0.03879
112 86 0.03879
112 9 0.03353
112 87 0.3253
112 88 0.3253
112 10 0.01228
112 89 0.4768
112 3 0.2233
112 4 0.2233
113 11 0.01935
114 11 0.01935
115 11 0.01935
113 27 0.02174
114 27 0.02174
115 27 0.02174
113 12 0.04957
114 12 0.04957
115 12 0.04957
113 41 0.1157
114 41 0.1157
115 41 0.1157
113 46 0.1773
114 46 0.1773
115 46 0.1773
113 47 0.2537
114 47 0.2537
115 47 0.2537
113 37 0.04134
114 37 0.04134
115 37 0.04134
114 38 0.04134
115 38 0.04134
113 38 0.04134
113 51 0.132
114 51 0.132
115 51 0.132
114 52 0.132
115 52 0.132
113 52 0.132
113 13 0.1229
114 13 0.1229
115 13 0.1229
113 14 0.05405
114 14 0.05405
115 14 0.05405
113 53 0.03864
114 53 0.03864
115 53 0.03864
113 15 0.08194
114 15 0.08194
115 15 0.08194
113 54 0.03851
114 54 0.03851
115 54 0.03851
113 56 0.01081
114 56 0.01081
115 56 0.01081
114 57 0.01081
115 57 0.01081
113 57 0.01081
113 58 0.06069
114 58 0.06069
115 58 0.06069
114 59 0.06069
115 59 0.06069
113 59 0.06069
113 90 0.001843
114 90 0.001843
115 90 0.001843
114 91 0.001843
115 91 0.001843
113 91 0.001843
113 8 0.002396
114 8 0.002396
115 8 0.002396
113 60 0.1588
114 60 0.1588
115 60 0.1588
113 62 0.0199
114 62 0.0199
115 62 0.0199
114 63 0.0199
115 63 0.0199
113 63 0.0199
113 5 0.02346
114 5 0.02346
115 5 0.02346
114 6 0.02346
115 6 0.02346
113 6 0.02346
113 7 0.001228
114 7 0.001228
115 7 0.001228
113 66 0.0938
114 66 0.0938
115 66 0.0938
114 67 0.0938
115 67 0.0938
113 67 0.0938
113 68 0.01812
114 68 0.01812
115 68 0.01812
114 69 0.01812
115 69 0.01812
113 69 0.01812
113 17 0.0102
114 17 0.0102
115 17 0.0102
113 32 0.0007985
114 32 0.0007985
115 32 0.0007985
114 33 0.0007985
114 34 0.0007985
115 33 0.0007985
115 34 0.0007985
113 33 0.0007985
113 34 0.0007985
113 1 0.001781
114 1 0.001781
115 1 0.001781
114 2 0.001781
115 2 0.001781
113 2 0.001781
113 72 0.1505
114 72 0.1505
115 72 0.1505
114 115 1000
113 114 1000
113 115 1000
113 94 1000
114 94 1000
115 94 1000
113 73 0.02487
114 73 0.02487
115 73 0.02487
114 74 0.02487
115 74 0.02487
113 74 0.02487
113 101 1000
114 101 1000
115 101 1000
114 102 1000
115 102 1000
113 102 1000
113 116 1000
114 116 1000
115 116 1000
113 75 0.194
114 75 0.194
115 75 0.194
113 117 1000
114 117 1000
115 117 1000
113 76 0.163
114 76 0.163
115 76 0.163
114 77 0.163
115 77 0.163
113 77 0.163
113 78 0.01493
114 78 0.01493
115 78 0.01493
114 79 0.01493
115 79 0.01493
113 79 0.01493
113 35 0.04945
114 35 0.04945
115 35 0.04945
114 36 0.04945
115 36 0.04945
113 36 0.04945
113 80 0.0379
114 80 0.0379
115 80 0.0379
114 81 0.0379
115 81 0.0379
113 81 0.0379
113 99 0.0637
114 99 0.0637
115 99 0.0637
114 100 0.0637
115 100 0.0637
113 100 0.0637
113 82 0.1188
114 82 0.1188
115 82 0.1188
114 83 0.1188
115 83 0.1188
113 83 0.1188
113 118 1000
114 118 1000
115 118 1000
113 95 0.3216
114 95 0.3216
115 95 0.3216
114 96 0.3216
115 96 0.3216
113 96 0.3216
113 18 0.186
114 18 0.186
115 18 0.186
113 119 0.1987
114 119 0.1987
115 119 0.1987
114 120 0.1987
115 120 0.1987
113 120 0.1987
113 19 0.00258
114 19 0.00258
115 19 0.00258
114 20 0.00258
114 21 0.00258
115 20 0.00258
115 21 0.00258
113 20 0.00258
113 21 0.00258
113 22 0.04527
114 22 0.04527
115 22 0.04527
114 23 0.04527
115 23 0.04527
113 23 0.04527
113 24 0.03495
114 24 0.03495
115 24 0.03495
113 25 0.002334
114 25 0.002334
115 25 0.002334
114 26 0.002334
115 26 0.002334
113 26 0.002334
113 84 0.2787
114 84 0.2787
115 84 0.2787
113 85 0.08213
114 85 0.08213
115 85 0.08213
114 86 0.08213
115 86 0.08213
113 86 0.08213
113 9 0.05688
114 9 0.05688
115 9 0.05688
113 87 0.4787
114 87 0.4787
115 87 0.4787
114 88 0.4787
115 88 0.4787
113 88 0.4787
113 10 0.01118
114 10 0.01118
115 10 0.01118
113 89 0.8122
114 89 0.8122
115 89 0.8122
113 3 0.3577
114 3 0.3577
115 3 0.3577
114 4 0.3577
115 4 0.3577
113 4 0.3577
94 11 0.01674
94 27 0.03693
94 12 0.07431
94 37 0.04702
94 38 0.04702
94 13 0.1456
94 15 0.1073
94 56 0.02982
94 57 0.02982
94 5 0.0539
94 6 0.0539
94 17 0.02064
94 32 0.009404
94 33 0.009404
94 34 0.009404
94 73 0.1488
94 74 0.1488
94 101 0.3813
94 102 0.3813
94 116 1000
94 75 0.2242
94 117 1000
94 76 0.2776
94 77 0.2776
94 78 0.03624
94 79 0.03624
94 35 0.08303
94 36 0.08303
94 80 0.0605
94 81 0.0605
94 99 1000
94 100 1000
94 82 0.1548
94 83 0.1548
94 118 1000
94 95 1000
94 96 1000
94 18 0.4519
94 119 1000
94 120 1000
94 19 0.003899
94 20 0.003899
94 21 0.003899
94 22 0.07064
94 23 0.07064
94 24 0.05344
94 25 0.01972
94 26 0.01972
94 84 0.1927
94 85 0.03546
94 86 0.03546
94 9 0.07188
94 87 0.2605
94 88 0.2605
94 10 0.0195
94 89 0.2376
94 3 0.2333
94 4 0.2333
73 27 0.274
74 27 0.274
73 41 0.3913
74 41 0.3913
73 103 0.1452
74 103 0.1452
73 37 0.3548
74 37 0.3548
74 38 0.3548
73 38 0.3548
73 104 0.02719
74 104 0.02719
74 105 0.02719
73 105 0.02719
73 13 0.5322
74 13 0.5322
73 14 0.4201
74 14 0.4201
73 15 0.5158
74 15 0.5158
73 56 0.3482
74 56 0.3482
74 57 0.3482
73 57 0.3482
73 90 0.1806
74 90 0.1806
74 91 0.1806
73 91 0.1806
73 7 0.3794
74 7 0.3794
73 97 0.1007
74 97 0.1007
73 66 0.6078
74 66 0.6078
74 67 0.6078
73 67 0.6078
73 17 0.2426
74 17 0.2426
73 111 0.07896
74 111 0.07896
73 32 0.1574
74 32 0.1574
74 33 0.1574
74 34 0.1574
73 33 0.1574
73 34 0.1574
73 1 0.3251
74 1 0.3251
74 2 0.3251
73 2 0.3251
73 72 0.387
74 72 0.387
73 74 1000
73 101 0.07368
74 101 0.07368
74 102 0.07368
73 102 0.07368
73 116 0.0007092
74 116 0.0007092
73 75 0.3099
74 75 0.3099
73 117 0.008957
74 117 0.008957
73 76 0.2352
74 76 0.2352
74 77 0.2352
73 77 0.2352
73 78 0.3087
74 78 0.3087
74 79 0.3087
73 79 0.3087
73 35 0.5999
74 35 0.5999
74 36 0.5999
73 36 0.5999
73 80 0.5168
74 80 0.5168
74 81 0.5168
73 81 0.5168
73 99 0.1239
74 99 0.1239
74 100 0.1239
73 100 0.1239
73 82 1000
74 82 1000
74 83 1000
73 83 1000
73 118 0.2517
74 118 0.2517
73 95 0.3705
74 95 0.3705
74 96 0.3705
73 96 0.3705
73 18 1000
74 18 1000
73 119 0.317
74 119 0.317
74 120 0.317
73 120 0.317
73 19 0.1535
74 19 0.1535
74 20 0.1535
74 21 0.1535
73 20 0.1535
73 21 0.1535
73 22 0.3797
74 22 0.3797
74 23 0.3797
73 23 0.3797
73 24 0.5123
74 24 0.5123
73 25 0.2378
74 25 0.2378
74 26 0.2378
73 26 0.2378
73 84 0.5385
74 84 0.5385
73 85 0.2472
74 85 0.2472
74 86 0.2472
73 86 0.2472
73 9 0.5786
74 9 0.5786
73 87 0.3734
74 87 0.3734
74 88 0.3734
73 88 0.3734
73 10 0.3052
74 10 0.3052
73 89 0.5179
74 89 0.5179
73 3 1000
74 3 1000
74 4 1000
73 4 1000
101 11 0.02129
102 11 0.02129
101 27 0.02234
102 27 0.02234
101 12 0.04015
102 12 0.04015
101 37 0.03688
102 37 0.03688
102 38 0.03688
101 38 0.03688
101 51 0.06691
102 51 0.06691
102 52 0.06691
101 52 0.06691
101 13 0.07587
102 13 0.07587
101 14 0.01591
102 14 0.01591
101 15 0.0568
102 15 0.0568
101 56 0.01149
102 56 0.01149
102 57 0.01149
101 57 0.01149
101 58 0.0628
102 58 0.0628
102 59 0.0628
101 59 0.0628
101 90 0.0002107
102 90 0.0002107
102 91 0.0002107
101 91 0.0002107
101 62 0.02698
102 62 0.02698
102 63 0.02698
101 63 0.02698
101 5 0.008114
102 5 0.008114
102 6 0.008114
101 6 0.008114
101 7 0.002213
102 7 0.002213
101 66 0.05764
102 66 0.05764
102 67 0.05764
101 67 0.05764
101 68 0.01939
102 68 0.01939
102 69 0.01939
101 69 0.01939
101 17 0.01033
102 17 0.01033
101 32 0.001159
102 32 0.001159
102 33 0.001159
102 34 0.001159
101 33 0.001159
101 34 0.001159
101 1 0.001686
102 1 0.001686
102 2 0.001686
101 2 0.001686
101 72 0.02719
102 72 0.02719
101 102 1000
101 116 0.3299
102 116 0.3299
101 75 0.06723
102 75 0.06723
101 117 0.4187
102 117 0.4187
101 76 0.05067
102 76 0.05067
102 77 0.05067
101 77 0.05067
101 78 0.01275
102 78 0.01275
102 79 0.01275
101 79 0.01275
101 35 0.03656
102 35 0.03656
102 36 0.03656
101 36 0.03656
101 80 0.04436
102 80 0.04436
102 81 0.04436
101 81 0.04436
101 99 0.1339
102 99 0.1339
102 100 0.1339
101 100 0.1339
101 82 0.1008
102 82 0.1008
102 83 0.1008
101 83 0.1008
101 118 1000
102 118 1000
101 95 0.2299
102 95 0.2299
102 96 0.2299
101 96 0.2299
101 18 0.335
102 18 0.335
101 119 0.2366
102 119 0.2366
102 120 0.2366
101 120 0.2366
101 19 0.00432
102 19 0.00432
102 20 0.00432
102 21 0.00432
101 20 0.00432
101 21 0.00432
101 22 0.01307
102 22 0.01307
102 23 0.01307
101 23 0.01307
101 24 0.07155
102 24 0.07155
101 25 0.001581
102 25 0.001581
102 26 0.001581
101 26 0.001581
101 84 0.3088
102 84 0.3088
101 85 0.1502
102 85 0.1502
102 86 0.1502
101 86 0.1502
101 9 0.06558
102 9 0.06558
101 87 1000
102 87 1000
102 88 1000
101 88 1000
101 10 0.01264
102 10 0.01264
101 89 1000
102 89 1000
101 3 0.4026
102 3 0.4026
102 4 0.4026
101 4 0.4026
116 11 0.0002326
116 27 0.003256
116 12 0.01419
116 42 0.1388
116 43 0.1388
116 37 0.0193
116 38 0.0193
116 48 0.1184
116 49 0.04605
116 50 0.04605
116 51 0.06558
116 52 0.06558
116 13 0.07744
116 14 0.04349
116 53 0.001628
116 15 0.03605
116 54 0.005116
116 56 0.00186
116 57 0.00186
116 58 0.007907
116 59 0.007907
116 90 0.0006977
116 91 0.0006977
116 106 0.06279
116 107 0.06279
116 60 0.1035
116 61 0.003488
116 62 0.002093
116 63 0.002093
116 5 0.008372
116 6 0.008372
116 7 0.02767
116 66 0.0386
116 67 0.0386
116 68 0.003953
116 69 0.003953
116 17 0.002791
116 70 0.1333
116 71 0.1333
116 32 0.002093
116 33 0.002093
116 34 0.002093
116 1 0.01442
116 2 0.01442
116 72 0.1767
116 75 0.176
116 117 0.5681
116 76 0.1321
116 77 0.1321
116 78 0.008605
116 79 0.008605
116 35 0.006047
116 36 0.006047
116 80 0.003023
116 81 0.003023
116 99 0.1427
116 100 0.1427
116 82 0.0486
116 83 0.0486
116 118 1000
116 95 0.2893
116 96 0.2893
116 18 0.01118
116 119 0.02266
116 120 0.02266
116 19 0.001163
116 20 0.001163
116 21 0.001163
116 22 0.01907
116 23 0.01907
116 24 0.002093
116 25 0.0009302
116 26 0.0009302
116 84 0.0993
116 85 0.003721
116 86 0.003721
116 9 0.006512
116 87 0.2077
116 88 0.2077
116 10 0.003488
116 89 0.273
116 3 0.1318
116 4 0.1318
75 12 0.03846
75 37 0.04615
75 38 0.04615
75 13 0.03846
75 14 0.03846
75 15 0.03846
75 56 0.02692
75 57 0.02692
75 90 0.05
75 91 0.05
75 7 0.03462
75 17 0.01154
75 32 0.003846
75 33 0.003846
75 34 0.003846
75 1 0.02692
75 2 0.02692
75 72 0.1231
75 76 0.04356
75 77 0.04356
75 78 0.02692
75 79 0.02692
75 35 0.03846
75 36 0.03846
75 80 0.003846
75 81 0.003846
75 99 0.5163
75 100 0.5163
75 82 0.09133
75 83 0.09133
75 118 0.3564
75 95 0.2214
75 96 0.2214
75 18 0.19
75 19 0.03846
75 20 0.03846
75 21 0.03846
75 22 0.03462
75 23 0.03462
75 24 0.04935
75 25 0.05385
75 26 0.05385
75 84 0.06559
75 85 0.01465
75 86 0.01465
75 9 0.04878
75 87 0.05672
75 88 0.05672
75 10 0.0343
75 3 0.02633
75 4 0.02633
117 11 0.03846
117 27 0.01758
117 12 0.08571
117 47 0.1857
117 37 0.05495
117 38 0.05495
117 49 0.05385
117 50 0.05385
117 51 0.2033
117 52 0.2033
117 13 0.133
117 14 0.1055
117 53 0.01648
117 15 0.1253
117 54 0.08791
117 55 0.1275
117 56 0.02637
117 57 0.02637
117 58 0.07253
117 59 0.07253
117 90 0.02198
117 91 0.02198
117 8 0.01538
117 60 0.2121
117 61 0.04505
117 62 0.02637
117 63 0.02637
117 5 0.07033
117 6 0.07033
117 7 0.04945
117 66 0.1396
117 67 0.1396
117 68 0.02637
117 69 0.02637
117 17 0.02967
117 70 0.1956
117 71 0.1956
117 32 0.01648
117 33 0.01648
117 34 0.01648
117 1 0.05714
117 2 0.05714
117 72 0.1154
117 75 0.1791
117 76 0.09341
117 77 0.09341
117 78 0.02967
117 79 0.02967
117 35 0.07253
117 36 0.07253
117 80 0.06484
117 81 0.06484
117 99 0.3276
117 100 0.3276
117 82 0.1473
117 83 0.1473
117 118 1000
117 95 1000
117 96 1000
117 18 0.01904
117 119 0.1765
117 120 0.1765
117 19 0.00989
117 20 0.00989
117 21 0.00989
117 22 0.07253
117 23 0.07253
117 24 0.04176
117 25 0.02198
117 26 0.02198
117 84 0.07201
117 85 0.03297
117 86 0.03297
117 9 0.04286
117 87 0.1053
117 88 0.1053
117 10 0.001099
117 89 0.1592
117 3 0.08681
117 4 0.08681
76 37 0.004592
77 37 0.004592
77 38 0.004592
76 38 0.004592
76 13 0.005102
77 13 0.005102
76 14 0.005102
77 14 0.005102
76 15 0.005102
77 15 0.005102
76 56 0.003571
77 56 0.003571
77 57 0.003571
76 57 0.003571
76 90 0.004592
77 90 0.004592
77 91 0.004592
76 91 0.004592
76 7 0.004592
77 7 0.004592
76 17 0.001531
77 17 0.001531
76 32 0.0005102
77 32 0.0005102
77 33 0.0005102
77 34 0.0005102
76 33 0.0005102
76 34 0.0005102
76 1 0.003571
77 1 0.003571
77 2 0.003571
76 2 0.003571
76 77 1000
76 78 0.003571
77 78 0.003571
77 79 0.003571
76 79 0.003571
76 35 0.02205
77 35 0.02205
77 36 0.02205
76 36 0.02205
76 99 1000
77 99 1000
77 100 1000
76 100 1000
76 82 0.02043
77 82 0.02043
77 83 0.02043
76 83 0.02043
76 95 0.2368
77 95 0.2368
77 96 0.2368
76 96 0.2368
76 18 0.1006
77 18 0.1006
76 19 0.001531
77 19 0.001531
77 20 0.001531
77 21 0.001531
76 20 0.001531
76 21 0.001531
76 22 0.003571
77 22 0.003571
77 23 0.003571
76 23 0.003571
76 24 0.0713
77 24 0.0713
76 25 0.01986
77 25 0.01986
77 26 0.01986
76 26 0.01986
76 84 0.03993
77 84 0.03993
76 9 0.07647
77 9 0.07647
76 10 0.02374
77 10 0.02374
76 3 0.09056
77 3 0.09056
77 4 0.09056
76 4 0.09056
78 1 0.08824
79 1 0.08824
79 2 0.08824
78 2 0.08824
78 79 1000
78 95 0.07002
79 95 0.07002
79 96 0.07002
78 96 0.07002
78 18 0.09791
79 18 0.09791
78 19 0.01422
79 19 0.01422
79 20 0.01422
79 21 0.01422
78 20 0.01422
78 21 0.01422
78 22 0.1925
79 22 0.1925
79 23 0.1925
78 23 0.1925
78 25 0.1664
79 25 0.1664
79 26 0.1664
78 26 0.1664
78 84 0.03844
79 84 0.03844
78 9 0.2783
79 9 0.2783
78 10 0.2132
79 10 0.2132
78 3 0.2567
79 3 0.2567
79 4 0.2567
78 4 0.2567
35 37 0.06271
36 37 0.06271
36 38 0.06271
35 38 0.06271
35 13 0.0678
36 13 0.0678
35 14 0.0678
36 14 0.0678
35 15 0.0678
36 15 0.0678
35 7 0.0678
36 7 0.0678
35 17 0.0661
36 17 0.0661
35 32 0.04746
36 32 0.04746
36 33 0.04746
36 34 0.04746
35 33 0.04746
35 34 0.04746
35 1 0.05932
36 1 0.05932
36 2 0.05932
35 2 0.05932
35 78 0.0661
36 78 0.0661
36 79 0.0661
35 79 0.0661
35 36 1000
35 80 0.08524
36 80 0.08524
36 81 0.08524
35 81 0.08524
35 99 0.1754
36 99 0.1754
36 100 0.1754
35 100 0.1754
35 82 0.1138
36 82 0.1138
36 83 0.1138
35 83 0.1138
35 18 0.1598
36 18 0.1598
35 19 0.0454
36 19 0.0454
36 20 0.0454
36 21 0.0454
35 20 0.0454
35 21 0.0454
35 22 0.0678
36 22 0.0678
36 23 0.0678
35 23 0.0678
35 24 1000
36 24 1000
35 25 1000
36 25 1000
36 26 1000
35 26 1000
35 84 0.1211
36 84 0.1211
35 85 0.07013
36 85 0.07013
36 86 0.07013
35 86 0.07013
35 9 0.5983
36 9 0.5983
35 10 0.3508
36 10 0.3508
35 3 0.3196
36 3 0.3196
36 4 0.3196
35 4 0.3196
80 37 0.2362
81 37 0.2362
81 38 0.2362
80 38 0.2362
80 14 0.04016
81 14 0.04016
80 7 0.03228
81 7 0.03228
80 32 0.01575
81 32 0.01575
81 33 0.01575
81 34 0.01575
80 33 0.01575
80 34 0.01575
80 1 0.0315
81 1 0.0315
81 2 0.0315
80 2 0.0315
80 72 0.01496
81 72 0.01496
80 76 0.01496
81 76 0.01496
81 77 0.01496
80 77 0.01496
80 78 0.1701
81 78 0.1701
81 79 0.1701
80 79 0.1701
80 81 1000
80 99 0.1268
81 99 0.1268
81 100 0.1268
80 100 0.1268
80 82 0.1191
81 82 0.1191
81 83 0.1191
80 83 0.1191
80 95 0.1839
81 95 0.1839
81 96 0.1839
80 96 0.1839
80 18 0.466
81 18 0.466
80 19 0.04244
81 19 0.04244
81 20 0.04244
81 21 0.04244
80 20 0.04244
80 21 0.04244
80 22 0.1094
81 22 0.1094
81 23 0.1094
80 23 0.1094
80 24 1000
81 24 1000
80 25 0.8089
81 25 0.8089
81 26 0.8089
80 26 0.8089
80 84 0.3204
81 84 0.3204
80 85 0.1211
81 85 0.1211
81 86 0.1211
80 86 0.1211
80 9 0.8983
81 9 0.8983
80 87 0.0951
81 87 0.0951
81 88 0.0951
80 88 0.0951
80 10 0.7357
81 10 0.7357
80 89 0.1643
81 89 0.1643
80 3 0.8539
81 3 0.8539
81 4 0.8539
80 4 0.8539
99 11 0.08558
100 11 0.08558
99 27 0.1322
100 27 0.1322
99 12 0.1846
100 12 0.1846
99 14 0.2654
100 14 0.2654
99 15 0.2995
100 15 0.2995
99 56 0.1351
100 56 0.1351
100 57 0.1351
99 57 0.1351
99 5 0.1601
100 5 0.1601
100 6 0.1601
99 6 0.1601
99 17 0.1293
100 17 0.1293
99 78 0.1442
100 78 0.1442
100 79 0.1442
99 79 0.1442
99 100 1000
99 82 0.2924
100 82 0.2924
100 83 0.2924
99 83 0.2924
99 118 0.2747
100 118 0.2747
99 95 0.2151
100 95 0.2151
100 96 0.2151
99 96 0.2151
99 18 0.09622
100 18 0.09622
99 119 0.2197
100 119 0.2197
100 120 0.2197
99 120 0.2197
99 19 0.04712
100 19 0.04712
100 20 0.04712
100 21 0.04712
99 20 0.04712
99 21 0.04712
99 22 0.2014
100 22 0.2014
100 23 0.2014
99 23 0.2014
99 24 0.1241
100 24 0.1241
99 25 0.1346
100 25 0.1346
100 26 0.1346
99 26 0.1346
99 84 0.05288
100 84 0.05288
99 85 0.0004808
100 85 0.0004808
100 86 0.0004808
99 86 0.0004808
99 9 0.06873
100 9 0.06873
99 87 0.06753
100 87 0.06753
100 88 0.06753
99 88 0.06753
99 10 0.08654
100 10 0.08654
99 3 0.04584
100 3 0.04584
100 4 0.04584
99 4 0.04584
82 37 0.1328
83 37 0.1328
83 38 0.1328
82 38 0.1328
82 14 0.0219
83 14 0.0219
82 7 0.0219
83 7 0.0219
82 32 0.01825
83 32 0.01825
83 33 0.01825
83 34 0.01825
82 33 0.01825
82 34 0.01825
82 1 0.02847
83 1 0.02847
83 2 0.02847
82 2 0.02847
82 78 0.0219
83 78 0.0219
83 79 0.0219
82 79 0.0219
82 83 1000
82 95 0.3171
83 95 0.3171
83 96 0.3171
82 96 0.3171
82 18 0.4534
83 18 0.4534
82 119 0.3459
83 119 0.3459
83 120 0.3459
82 120 0.3459
82 19 0.02465
83 19 0.02465
83 20 0.02465
83 21 0.02465
82 20 0.02465
82 21 0.02465
82 22 0.02409
83 22 0.02409
83 23 0.02409
82 23 0.02409
82 24 0.2127
83 24 0.2127
82 25 0.1962
83 25 0.1962
83 26 0.1962
82 26 0.1962
82 84 0.1462
83 84 0.1462
82 85 0.05822
83 85 0.05822
83 86 0.05822
82 86 0.05822
82 9 0.348
83 9 0.348
82 87 0.08683
83 87 0.08683
83 88 0.08683
82 88 0.08683
82 10 0.1682
83 10 0.1682
82 89 0.2804
83 89 0.2804
82 3 0.4124
83 3 0.4124
83 4 0.4124
82 4 0.4124
118 11 0.1359
118 27 0.1554
118 12 0.2359
118 47 0.3959
118 37 0.201
118 38 0.201
118 13 0.36
118 14 0.1733
118 15 0.2979
118 56 0.09491
118 57 0.09491
118 58 0.2908
118 59 0.2908
118 90 0.01047
118 91 0.01047
118 62 0.1651
118 63 0.1651
118 5 0.1057
118 6 0.1057
118 7 0.04526
118 66 0.3588
118 67 0.3588
118 68 0.127
118 69 0.127
118 17 0.1023
118 32 0.02008
118 33 0.02008
118 34 0.02008
118 1 0.03946
118 2 0.03946
118 72 0.2379
118 76 0.2588
118 77 0.2588
118 78 0.1433
118 79 0.1433
118 35 0.2405
118 36 0.2405
118 80 0.2563
118 81 0.2563
118 82 0.3833
118 83 0.3833
118 95 1000
118 96 1000
118 18 1000
118 119 1000
118 120 1000
118 19 0.03678
118 20 0.03678
118 21 0.03678
118 22 0.1884
118 23 0.1884
118 24 0.2081
118 25 0.01245
118 26 0.01245
118 84 0.5682
118 85 0.3194
118 86 0.3194
118 9 0.244
118 87 0.788
118 88 0.788
118 10 0.06421
118 89 1000
118 3 0.7229
118 4 0.7229
95 11 0.06567
96 11 0.06567
95 27 0.07164
96 27 0.07164
95 42 0.2463
96 42 0.2463
96 43 0.2463
95 43 0.2463
95 56 0.07015
96 56 0.07015
96 57 0.07015
95 57 0.07015
95 35 0.1284
96 35 0.1284
96 36 0.1284
95 36 0.1284
95 96 1000
95 18 1000
96 18 1000
95 119 1000
96 119 1000
96 120 1000
95 120 1000
95 19 0.02388
96 19 0.02388
96 20 0.02388
96 21 0.02388
95 20 0.02388
95 21 0.02388
95 22 0.08814
96 22 0.08814
96 23 0.08814
95 23 0.08814
95 24 0.06455
96 24 0.06455
95 25 0.05672
96 25 0.05672
96 26 0.05672
95 26 0.05672
95 84 0.0616
96 84 0.0616
95 85 0.004478
96 85 0.004478
96 86 0.004478
95 86 0.004478
95 9 0.01872
96 9 0.01872
95 87 0.01488
96 87 0.01488
96 88 0.01488
95 88 0.01488
95 10 0.01791
96 10 0.01791
95 3 0.1094
96 3 0.1094
96 4 0.1094
95 4 0.1094
18 41 0.1202
18 111 0.05635
18 119 1000
18 120 1000
18 19 0.04149
18 20 0.04149
18 21 0.04149
18 22 0.1488
18 23 0.1488
18 24 0.2749
18 25 0.06656
18 26 0.06656
18 84 1000
18 85 0.2493
18 86 0.2493
18 9 0.3579
18 87 0.4236
18 88 0.4236
18 10 0.113
18 89 0.6188
18 3 1000
18 4 1000
119 11 0.13
120 11 0.13
119 27 0.1314
120 27 0.1314
119 12 0.1957
120 12 0.1957
119 37 0.1771
120 37 0.1771
120 38 0.1771
119 38 0.1771
119 13 0.3014
120 13 0.3014
119 14 0.1929
120 14 0.1929
119 15 0.28
120 15 0.28
119 56 0.1571
120 56 0.1571
120 57 0.1571
119 57 0.1571
119 90 0.05857
120 90 0.05857
120 91 0.05857
119 91 0.05857
119 62 0.1329
120 62 0.1329
120 63 0.1329
119 63 0.1329
119 5 0.1686
120 5 0.1686
120 6 0.1686
119 6 0.1686
119 7 0.1686
120 7 0.1686
119 66 0.3914
120 66 0.3914
120 67 0.3914
119 67 0.3914
119 68 0.17
120 68 0.17
120 69 0.17
119 69 0.17
119 17 0.1314
120 17 0.1314
119 32 0.1186
120 32 0.1186
120 33 0.1186
120 34 0.1186
119 33 0.1186
119 34 0.1186
119 1 0.15
120 1 0.15
120 2 0.15
119 2 0.15
119 72 0.2329
120 72 0.2329
119 75 0.26
120 75 0.26
119 76 0.1786
120 76 0.1786
120 77 0.1786
119 77 0.1786
119 78 0.1343
120 78 0.1343
120 79 0.1343
119 79 0.1343
119 35 0.1914
120 35 0.1914
120 36 0.1914
119 36 0.1914
119 80 0.1771
120 80 0.1771
120 81 0.1771
119 81 0.1771
119 120 1000
119 19 0.1014
120 19 0.1014
120 20 0.1014
120 21 0.1014
119 20 0.1014
119 21 0.1014
119 22 0.1871
120 22 0.1871
120 23 0.1871
119 23 0.1871
119 24 0.1271
120 24 0.1271
119 25 0.03857
120 25 0.03857
120 26 0.03857
119 26 0.03857
119 84 0.1585
120 84 0.1585
119 85 0.11
120 85 0.11
120 86 0.11
119 86 0.11
119 9 0.12
120 9 0.12
119 87 0.1594
120 87 0.1594
120 88 0.1594
119 88 0.1594
119 10 0.1014
120 10 0.1014
119 89 0.2082
120 89 0.2082
119 3 0.1978
120 3 0.1978
120 4 0.1978
119 4 0.1978
19 37 0.01373
20 37 0.01373
21 37 0.01373
20 38 0.01373
21 38 0.01373
19 38 0.01373
19 13 0.009804
20 13 0.009804
21 13 0.009804
19 14 0.01863
20 14 0.01863
21 14 0.01863
19 56 0.01667
20 56 0.01667
21 56 0.01667
20 57 0.01667
21 57 0.01667
19 57 0.01667
19 7 0.01961
20 7 0.01961
21 7 0.01961
19 32 0.004902
20 32 0.004902
21 32 0.004902
20 33 0.004902
20 34 0.004902
21 33 0.004902
21 34 0.004902
19 33 0.004902
19 34 0.004902
19 1 0.02647
20 1 0.02647
21 1 0.02647
20 2 0.02647
21 2 0.02647
19 2 0.02647
19 72 0.004902
20 72 0.004902
21 72 0.004902
20 21 1000
19 20 1000
19 21 1000
19 22 0.02353
20 22 0.02353
21 22 0.02353
20 23 0.02353
21 23 0.02353
19 23 0.02353
19 24 0.1969
20 24 0.1969
21 24 0.1969
19 25 0.2203
20 25 0.2203
21 25 0.2203
20 26 0.2203
21 26 0.2203
19 26 0.2203
19 84 0.04029
20 84 0.04029
21 84 0.04029
19 85 0.05177
20 85 0.05177
21 85 0.05177
20 86 0.05177
21 86 0.05177
19 86 0.05177
19 9 0.7436
20 9 0.7436
21 9 0.7436
19 10 0.7461
20 10 0.7461
21 10 0.7461
19 3 0.4993
20 3 0.4993
21 3 0.4993
20 4 0.4993
21 4 0.4993
19 4 0.4993
22 23 1000
22 25 0.215
23 25 0.215
23 26 0.215
22 26 0.215
22 84 0.1745
23 84 0.1745
22 9 0.3463
23 9 0.3463
22 10 0.2803
23 10 0.2803
22 3 0.2756
23 3 0.2756
23 4 0.2756
22 4 0.2756
24 37 0.09338
24 38 0.09338
24 13 0.161
24 14 0.1618
24 7 0.1816
24 17 0.1496
24 32 0.05956
24 33 0.05956
24 34 0.05956
24 1 0.2529
24 2 0.2529
24 72 0.05919
24 78 0.1151
24 79 0.1151
24 22 0.2346
24 23 0.2346
24 25 1000
24 26 1000
24 84 0.4632
24 85 0.425
24 86 0.425
24 9 1000
24 87 0.1078
24 88 0.1078
24 10 1000
24 89 0.3613
24 3 1000
24 4 1000
25 26 1000
25 84 0.01299
26 84 0.01299
25 85 0.003817
26 85 0.003817
26 86 0.003817
25 86 0.003817
25 9 0.4505
26 9 0.4505
25 10 0.3371
26 10 0.3371
25 3 0.1201
26 3 0.1201
26 4 0.1201
25 4 0.1201
84 56 0.04109
84 57 0.04109
84 85 1.024
84 86 1.024
84 9 1000
84 87 0.4825
84 88 0.4825
84 10 0.1776
84 89 1000
84 3 1000
84 4 1000
85 12 0.09171
86 12 0.09171
85 41 0.003627
86 41 0.003627
85 46 0.005699
86 46 0.005699
85 47 0.001554
86 47 0.001554
85 37 0.02591
86 37 0.02591
86 38 0.02591
85 38 0.02591
85 13 0.05026
86 13 0.05026
85 14 0.03938
86 14 0.03938
85 56 0.03938
86 56 0.03938
86 57 0.03938
85 57 0.03938
85 7 0.04663
86 7 0.04663
85 66 0.007254
86 66 0.007254
86 67 0.007254
85 67 0.007254
85 17 0.0228
86 17 0.0228
85 32 0.007772
86 32 0.007772
86 33 0.007772
86 34 0.007772
85 33 0.007772
85 34 0.007772
85 1 0.05337
86 1 0.05337
86 2 0.05337
85 2 0.05337
85 76 0.01451
86 76 0.01451
86 77 0.01451
85 77 0.01451
85 78 0.02176
86 78 0.02176
86 79 0.02176
85 79 0.02176
85 22 0.05337
86 22 0.05337
86 23 0.05337
85 23 0.05337
85 86 1000
85 9 1000
86 9 1000
85 87 0.3616
86 87 0.3616
86 88 0.3616
85 88 0.3616
85 10 0.2692
86 10 0.2692
85 89 0.883
86 89 0.883
85 3 1000
86 3 1000
86 4 1000
85 4 1000
9 87 0.1013
9 88 0.1013
9 10 1000
9 89 0.3273
9 3 1000
9 4 1000
87 27 0.03214
88 27 0.03214
87 12 0.04765
88 12 0.04765
87 47 0.03957
88 47 0.03957
87 37 0.03167
88 37 0.03167
88 38 0.03167
87 38 0.03167
87 13 0.0516
88 13 0.0516
87 56 0.01729
88 56 0.01729
88 57 0.01729
87 57 0.01729
87 7 0.001974
88 7 0.001974
87 66 0.03778
88 66 0.03778
88 67 0.03778
87 67 0.03778
87 17 0.02086
88 17 0.02086
87 32 0.004511
88 32 0.004511
88 33 0.004511
88 34 0.004511
87 33 0.004511
87 34 0.004511
87 1 0.001786
88 1 0.001786
88 2 0.001786
87 2 0.001786
87 76 0.02566
88 76 0.02566
88 77 0.02566
87 77 0.02566
87 78 0.01767
88 78 0.01767
88 79 0.01767
87 79 0.01767
87 35 0.0468
88 35 0.0468
88 36 0.0468
87 36 0.0468
87 19 0.007895
88 19 0.007895
88 20 0.007895
88 21 0.007895
87 20 0.007895
87 21 0.007895
87 22 0.03665
88 22 0.03665
88 23 0.03665
87 23 0.03665
87 25 0.0008459
88 25 0.0008459
88 26 0.0008459
87 26 0.0008459
87 88 1000
87 10 0.009872
88 10 0.009872
87 89 1000
88 89 1000
87 3 0.6427
88 3 0.6427
88 4 0.6427
87 4 0.6427
10 3 0.49
10 4 0.49
89 27 0.09006
89 12 0.1138
89 41 0.07624
89 46 0.1022
89 47 0.1265
89 37 0.1155
89 38 0.1155
89 13 0.1298
89 14 0.1536
89 56 0.05912
89 57 0.05912
89 90 0.002762
89 91 0.002762
89 66 0.09558
89 67 0.09558
89 17 0.06188
89 111 0.04751
89 32 0.02983
89 33 0.02983
89 34 0.02983
89 1 0.001657
89 2 0.001657
89 75 0.09779
89 76 0.07514
89 77 0.07514
89 78 0.06961
89 79 0.06961
89 35 0.1221
89 36 0.1221
89 99 0.1376
89 100 0.1376
89 95 0.03204
89 96 0.03204
89 19 0.04309
89 20 0.04309
89 21 0.04309
89 22 0.08508
89 23 0.08508
89 25 0.003867
89 26 0.003867
89 10 0.05414
89 3 1000
89 4 1000
3 41 0.03095
4 41 0.03095
3 4 1000
