84 3486 50
4 5 0.3919
4 6 0.3306
4 7 0.5165
4 49 0.5238
4 50 0.6526
4 8 1000
4 9 0.2496
4 32 0.1537
4 51 1000
4 52 0.5632
4 53 0.4941
4 10 0.4909
4 11 0.1039
4 12 0.4321
4 13 0.09064
4 54 0.4829
4 55 0.82
4 56 0.4069
4 57 0.4069
4 58 0.1132
4 14 0.1132
4 15 0.1132
4 16 0.3693
4 59 0.3284
4 41 0.1132
4 42 0.1132
4 60 0.1308
4 61 0.1132
4 62 0.3256
4 43 0.1132
4 63 0.1132
4 17 0.2643
4 64 0.09434
4 44 0.09434
4 18 0.1132
4 65 0.4249
4 2 1000
4 45 0.1
4 66 0.3875
4 67 0.2132
4 46 0.1806
4 35 0.1132
4 36 0.148
4 19 0.1189
4 20 0.3132
4 68 0.357
4 69 0.6228
4 21 0.1268
4 70 0.142
4 71 0.142
4 22 0.1132
4 72 0.2468
4 37 0.1834
4 39 0.1893
4 23 0.09623
4 73 0.2356
4 74 0.2535
4 75 0.2535
4 33 0.2825
4 24 0.1132
4 48 0.1254
4 76 0.08814
4 77 0.1973
4 78 0.1955
4 25 0.749
4 79 0.2256
4 26 0.1183
4 38 0.1275
4 27 0.1132
4 80 0.1132
4 28 0.1132
4 47 0.1132
4 81 0.1132
4 82 0.2476
4 40 0.5767
4 29 0.1351
4 83 1000
4 34 0.3125
4 3 0.172
4 84 0.366
4 30 0.07646
4 31 0.151
4 1 0.07532
5 6 0.3168
5 7 0.3962
5 49 0.2216
5 50 0.5897
5 8 0.2531
5 9 0.2883
5 51 0.9089
5 52 0.5147
5 10 0.583
5 11 0.2155
5 12 0.5397
5 13 0.1671
5 54 0.5271
5 55 0.785
5 56 0.4033
5 57 0.4033
5 58 0.1429
5 14 0.1429
5 15 0.1429
5 16 0.3672
5 59 0.316
5 41 0.1429
5 42 0.1429
5 60 0.1604
5 61 0.1429
5 62 0.3491
5 43 0.1429
5 63 0.1429
5 64 0.1429
5 44 0.1286
5 18 0.1429
5 65 0.3443
5 2 0.4497
5 45 0.1429
5 66 0.4323
5 67 0.2215
5 46 0.1381
5 35 0.1537
5 36 0.1772
5 19 0.1586
5 20 0.5669
5 68 0.3488
5 69 0.5286
5 21 0.1658
5 70 0.1716
5 71 0.1716
5 22 0.1429
5 72 0.2531
5 37 0.1946
5 39 0.1811
5 23 0.1429
5 73 0.1325
5 33 0.2752
5 24 0.1429
5 48 0.1998
5 77 0.2308
5 25 0.3582
5 79 0.2593
5 26 0.148
5 38 0.1629
5 27 0.1429
5 80 0.1429
5 28 0.1429
5 47 0.1429
5 81 0.1429
5 82 0.275
5 40 1000
5 29 0.1721
5 83 0.3808
5 34 0.2996
5 84 0.3686
5 30 0.0406
6 7 1000
6 49 0.3909
6 50 0.6228
6 8 0.2508
6 9 0.3407
6 32 0.193
6 51 0.9781
6 52 0.5439
6 53 0.3466
6 10 0.8064
6 11 0.216
6 12 0.6132
6 13 0.1664
6 54 0.5587
6 55 0.8207
6 56 1000
6 57 1000
6 58 0.1543
6 14 0.1565
6 15 0.1739
6 16 1000
6 59 0.2454
6 41 0.1261
6 42 0.113
6 60 0.08711
6 61 0.1391
6 62 0.278
6 43 0.1109
6 63 0.1
6 17 0.4062
6 64 0.1217
6 44 0.1174
6 18 0.1413
6 65 0.2206
6 2 0.3864
6 45 0.0913
6 66 0.3054
6 67 0.1693
6 46 0.08037
6 35 0.163
6 36 0.1869
6 19 0.1652
6 20 0.5217
6 68 0.2894
6 69 0.4316
6 21 0.08693
6 70 0.1201
6 71 0.1201
6 22 0.15
6 72 0.2209
6 37 0.1745
6 39 0.1931
6 23 0.1739
6 73 0.2762
6 74 0.2563
6 75 0.2563
6 33 0.405
6 24 0.1674
6 48 0.1876
6 76 0.1121
6 77 0.2024
6 25 0.2124
6 79 0.3189
6 26 0.1681
6 38 0.157
6 27 0.1739
6 80 0.1065
6 28 0.1609
6 47 0.1413
6 81 0.06304
6 82 0.2587
6 40 0.49
6 29 0.2009
6 83 0.5268
6 34 0.4312
6 3 1000
6 84 0.5339
6 30 0.1348
6 31 0.2255
6 1 0.1843
7 49 1000
7 50 1.061
7 8 0.3786
7 9 0.3966
7 51 1000
7 52 0.6254
7 53 0.3519
7 10 0.404
7 11 0.07146
7 12 0.3292
7 13 0.1111
7 54 0.5789
7 55 1000
7 56 0.424
7 57 0.424
7 58 0.1567
7 14 0.1367
7 15 0.215
7 16 1000
7 59 0.2667
7 41 0.1083
7 42 0.035
7 60 0.02671
7 61 0.05
7 62 0.2396
7 43 0.03333
7 63 0.02
7 64 0.01167
7 44 0.01083
7 18 0.03583
7 2 0.5782
7 45 0.02333
7 66 0.2755
7 67 0.1217
7 46 0.08611
7 35 0.1867
7 36 0.1981
7 19 0.1689
7 20 0.5185
7 68 0.2452
7 21 0.02716
7 70 0.04487
7 71 0.04487
7 22 0.08
7 37 0.0733
7 39 0.1564
7 23 0.2425
7 73 0.1883
7 33 0.293
7 24 0.12
7 48 0.05843
7 77 0.1411
7 25 0.336
7 79 0.1939
7 26 0.2234
7 38 0.07833
7 27 0.2217
7 80 0.05917
7 28 0.07417
7 47 0.02
7 81 0.0125
7 82 0.1863
7 40 0.527
7 29 0.2293
7 83 0.3515
7 34 0.6135
7 3 0.3346
7 84 0.3781
7 30 0.02741
7 1 0.135
49 50 0.7319
49 8 0.1961
49 9 0.1912
49 51 1000
49 52 0.5371
49 10 0.2865
49 11 0.04706
49 54 0.4426
49 55 0.7685
49 56 0.3973
49 57 0.3973
49 58 0.04255
49 14 0.04255
49 15 0.04255
49 16 0.6786
49 59 0.1917
49 41 0.04255
49 42 0.04255
49 60 0.03882
49 61 0.04255
49 62 0.2084
49 43 0.02979
49 63 0.03191
49 17 0.1873
49 64 0.02128
49 44 0.02128
49 18 0.02766
49 65 0.3094
49 2 0.677
49 45 0.0234
49 67 0.1198
49 46 0.0721
49 35 0.04255
49 36 0.0773
49 19 0.04255
49 20 0.2965
49 68 0.2491
49 21 0.0495
49 70 0.04301
49 71 0.04301
49 22 0.04681
49 37 0.08105
49 39 0.1145
49 23 0.04468
49 33 0.249
49 24 0.04255
49 25 0.2917
49 26 0.04766
49 38 0.05191
49 27 0.05106
49 80 0.03617
49 28 0.03617
49 47 0.03191
49 81 0.01915
49 40 0.705
49 29 0.05734
49 34 0.5352
49 3 0.2872
49 1 0.0952
50 8 0.7269
50 9 0.5514
50 51 1000
50 52 1000
50 53 1000
50 10 0.4714
50 11 0.1376
50 12 0.235
50 13 0.3302
50 54 0.6065
50 55 1000
50 56 0.5024
50 57 0.5024
50 58 0.4383
50 14 0.4
50 15 0.45
50 16 0.611
50 59 0.4099
50 41 0.3904
50 42 0.3415
50 60 0.2101
50 61 0.3468
50 62 0.3564
50 43 0.2968
50 63 0.3245
50 17 0.1343
50 64 0.3191
50 44 0.3096
50 18 0.3319
50 65 1000
50 2 1000
50 45 0.2947
50 66 0.4523
50 67 0.4788
50 46 0.4399
50 35 0.4511
50 36 0.4756
50 19 0.4599
50 20 0.6039
50 68 0.8445
50 69 0.6572
50 21 0.3464
50 70 0.2278
50 71 0.2278
50 22 0.4074
50 72 0.2955
50 37 0.4491
50 39 0.5272
50 23 0.4553
50 73 0.2823
50 74 0.2671
50 75 0.2671
50 33 0.5794
50 24 0.3926
50 48 0.1087
50 76 0.09842
50 77 0.2824
50 78 0.2394
50 25 1000
50 79 0.2126
50 26 0.4519
50 38 0.4232
50 27 0.4457
50 80 0.3851
50 28 0.3777
50 47 0.3255
50 81 0.2149
50 82 1000
50 40 1.136
50 29 0.4532
50 83 0.3951
50 34 0.6343
50 3 0.2119
50 84 0.2652
50 30 0.06545
50 31 0.1049
50 1 0.3039
8 9 0.2058
8 51 1000
8 52 0.5637
8 53 0.6405
8 10 0.3427
8 11 0.06755
8 12 0.3478
8 13 0.0509
8 54 0.4599
8 55 0.7692
8 56 0.3526
8 57 0.3526
8 58 0.07692
8 14 0.06795
8 15 0.07821
8 16 0.2779
8 59 0.3723
8 41 0.08846
8 42 0.05513
8 60 0.07267
8 61 0.08205
8 62 0.2962
8 43 0.07051
8 63 0.06026
8 17 0.1975
8 64 0.0641
8 44 0.05
8 18 0.05897
8 65 0.5797
8 2 1000
8 45 0.04615
8 66 0.4003
8 67 0.1615
8 46 0.1886
8 35 0.2855
8 36 0.1565
8 19 0.1869
8 20 0.2819
8 68 0.4583
8 69 0.6273
8 21 0.08324
8 70 0.1116
8 71 0.1116
8 22 0.07692
8 72 0.2617
8 37 0.1523
8 39 0.2183
8 23 0.1013
8 33 0.2814
8 24 0.1231
8 48 0.1095
8 77 0.2147
8 25 0.741
8 26 0.091
8 38 0.09436
8 27 0.08333
8 80 0.06923
8 28 0.07564
8 47 0.07692
8 81 0.0641
8 82 0.2539
8 40 1000
8 29 0.1052
8 34 0.24
8 3 0.1757
8 84 0.2671
8 1 0.0538
9 32 0.1795
9 51 0.8779
9 52 0.4327
9 53 0.3246
9 10 0.6936
9 11 0.2349
9 12 0.6615
9 13 0.1631
9 54 0.5162
9 55 0.6922
9 56 0.4812
9 57 0.4812
9 58 0.08864
9 14 0.06364
9 15 0.1068
9 16 0.3831
9 59 0.2023
9 41 0.03182
9 42 0.04773
9 60 0.01982
9 61 0.025
9 62 0.2108
9 43 0.04091
9 63 0.06364
9 17 0.4601
9 64 0.04091
9 44 0.03182
9 18 0.05
9 2 0.3085
9 45 0.01591
9 67 0.1082
9 35 0.125
9 36 0.1021
9 19 0.07727
9 20 1000
9 68 0.1926
9 21 0.02411
9 70 0.04923
9 71 0.04923
9 22 0.09545
9 37 0.09488
9 39 0.1573
9 23 0.1386
9 73 0.1522
9 74 0.189
9 75 0.189
9 33 0.3366
9 24 0.07273
9 48 0.1138
9 76 0.1031
9 25 0.2096
9 79 0.1854
9 26 0.1187
9 38 0.08518
9 27 0.1136
9 80 0.01591
9 28 0.05909
9 47 0.05455
9 81 0.01364
9 82 0.1629
9 40 0.4272
9 29 1000
9 83 1000
9 34 0.3532
9 3 1000
9 84 0.5141
9 30 0.1856
9 31 0.2134
9 1 1000
32 5 0.09287
32 7 0.1007
32 49 0.08557
32 50 0.07357
32 8 0.1113
32 51 0.06626
32 52 0.044
32 53 0.01789
32 10 0.1284
32 11 0.1406
32 12 0.1986
32 13 0.3088
32 54 0.1857
32 55 0.006261
32 56 0.1624
32 57 0.1624
32 58 0.06643
32 14 0.02017
32 15 0.1193
32 16 0.1649
32 59 0.1346
32 41 0.01061
32 42 0.001217
32 60 0.03111
32 61 0.01183
32 62 0.2108
32 43 0.01061
32 63 0.02087
32 17 0.8275
32 64 0.01513
32 44 0.006261
32 18 0.02104
32 65 0.03288
32 2 0.001739
32 45 0.02435
32 66 0.01587
32 67 0.02122
32 46 0.003077
32 35 0.1021
32 36 0.05934
32 19 0.03548
32 20 0.2826
32 68 0.03026
32 69 0.01009
32 21 0.02261
32 70 0.02565
32 71 0.02565
32 22 0.01548
32 72 0.02096
32 37 0.05061
32 39 0.1785
32 23 0.1334
32 73 0.2211
32 74 0.5507
32 75 0.5507
32 33 0.2163
32 24 0.1395
32 48 1000
32 76 0.586
32 77 0.1057
32 78 0.03534
32 25 0.1172
32 79 0.08148
32 26 0.09426
32 38 0.04383
32 27 0.1414
32 80 0.01043
32 28 0.03391
32 47 0.01478
32 81 0.002435
32 82 0.08778
32 40 0.08104
32 29 0.2464
32 83 0.6886
32 34 0.003478
32 3 0.5163
32 84 0.1636
32 30 1000
32 31 1000
32 1 1.117
51 52 1.28
51 53 0.3561
51 10 0.6397
51 11 0.1894
51 12 0.3435
51 13 0.3405
51 54 0.7571
51 55 1000
51 56 0.4988
51 57 0.4988
51 58 0.684
51 14 0.4744
51 15 0.7388
51 16 0.9485
51 59 0.4613
51 41 0.4812
51 42 0.312
51 60 0.1747
51 61 0.3296
51 62 0.2474
51 43 0.248
51 63 0.2424
51 17 0.1438
51 64 0.2176
51 44 0.192
51 18 0.3192
51 65 0.3812
51 2 1000
51 45 0.2136
51 66 0.2653
51 67 0.4693
51 46 0.3491
51 35 0.7044
51 36 0.7508
51 19 0.7524
51 20 0.9608
51 68 0.6595
51 69 0.4754
51 21 0.2358
51 70 0.1233
51 71 0.1233
51 22 0.3532
51 72 0.1907
51 37 0.3628
51 39 0.6244
51 23 0.7448
51 33 0.3448
51 24 0.3704
51 77 0.1699
51 78 0.1518
51 25 1000
51 26 0.7599
51 38 0.4062
51 27 0.6688
51 80 0.3908
51 28 0.3568
51 47 0.2512
51 81 0.1276
51 82 0.2411
51 40 1000
51 29 0.7498
51 34 0.6706
51 3 0.149
51 84 0.2326
51 1 0.08165
52 53 1000
52 10 0.227
52 11 0.03811
52 12 0.08956
52 13 0.1305
52 54 0.2469
52 55 0.8904
52 56 0.2395
52 57 0.2395
52 58 0.405
52 14 0.3082
52 15 0.4314
52 16 0.5071
52 59 0.2792
52 41 0.27
52 42 0.2414
52 60 0.08527
52 61 0.2209
52 62 0.2645
52 43 0.1414
52 63 0.1559
52 17 0.05714
52 64 0.1623
52 44 0.1345
52 18 0.1941
52 65 0.8615
52 2 1000
52 45 0.195
52 66 0.4261
52 67 0.3994
52 46 0.4153
52 35 0.4259
52 36 0.4977
52 19 0.4945
52 20 0.4895
52 68 1.125
52 69 0.6641
52 21 0.2398
52 70 0.126
52 71 0.126
52 22 0.3732
52 72 0.2646
52 37 0.3366
52 39 0.3627
52 23 0.4191
52 73 0.2381
52 74 0.2635
52 75 0.2635
52 33 0.3718
52 24 0.2264
52 77 0.2458
52 78 0.268
52 25 0.5112
52 79 0.1597
52 26 0.4442
52 38 0.3273
52 27 0.4082
52 80 0.3082
52 28 0.2827
52 47 0.1932
52 81 0.07591
52 82 1000
52 40 1000
52 29 0.3444
52 83 0.3284
52 34 0.2509
52 3 0.08696
52 30 0.0138
52 1 0.04272
53 5 0.3403
53 49 0.389
53 10 0.2525
53 11 0.02636
53 12 0.04436
53 13 0.08751
53 54 0.09153
53 55 0.3198
53 56 0.3419
53 57 0.3419
53 58 0.4996
53 14 0.07643
53 15 0.5745
53 16 0.3273
53 59 0.4842
53 41 0.1475
53 42 0.08517
53 60 0.1636
53 61 0.1506
53 62 0.3812
53 43 0.1186
53 63 0.2076
53 17 0.02054
53 64 0.1856
53 44 0.1441
53 18 0.1266
53 65 1000
53 2 1000
53 45 0.2916
53 66 0.5872
53 67 1000
53 46 0.7278
53 35 0.4487
53 36 0.6504
53 19 0.5779
53 20 0.3598
53 68 1.384
53 69 0.7815
53 21 0.4025
53 70 0.3451
53 71 0.3451
53 22 0.3731
53 72 0.3652
53 37 0.5734
53 39 0.7521
53 23 0.5688
53 73 1000
53 74 0.205
53 75 0.205
53 33 0.4058
53 24 0.2256
53 48 0.07272
53 76 0.04858
53 77 1000
53 78 1000
53 25 0.4114
53 79 0.1826
53 26 0.3891
53 38 0.3656
53 27 0.4981
53 80 0.3137
53 28 0.1871
53 47 0.1494
53 81 0.05665
53 82 1000
53 40 0.6211
53 29 0.2989
53 83 0.2474
53 34 0.2683
53 3 0.02961
53 84 0.0576
53 30 0.04039
53 31 0.04929
53 1 0.1375
10 11 0.3907
10 12 1000
10 13 0.3441
10 54 0.4319
10 56 0.3443
10 57 0.3443
10 58 0.0453
10 14 0.1239
10 15 0.1795
10 16 1.148
10 59 0.2472
10 41 0.1137
10 42 0.06325
10 60 0.0184
10 61 0.07863
10 43 0.01966
10 63 0.03077
10 17 0.3506
10 64 0.02137
10 44 0.03419
10 18 0.01197
10 2 0.2221
10 45 0.03162
10 67 0.09134
10 46 0.04066
10 35 0.0906
10 36 0.05915
10 19 0.02821
10 20 1000
10 68 0.1452
10 21 0.03495
10 70 0.02963
10 71 0.02963
10 22 0.1009
10 37 0.05131
10 39 0.2467
10 23 0.3197
10 33 0.2589
10 24 0.1453
10 76 0.03079
10 25 0.2077
10 26 0.1077
10 38 0.07426
10 27 0.2291
10 80 0.0812
10 28 0.04188
10 47 0.0359
10 81 0.01368
10 82 0.1128
10 40 0.339
10 29 1000
10 83 0.3944
10 34 0.7205
10 3 0.7252
10 84 0.426
10 30 0.04943
10 31 0.1232
10 1 0.191
11 12 1000
11 13 0.4688
11 54 0.3023
11 55 0.2257
11 56 0.1672
11 57 0.1672
11 58 0.025
11 14 0.03594
11 15 0.04219
11 16 0.1755
11 59 0.05688
11 41 0.01641
11 42 0.01797
11 60 0.02067
11 61 0.01641
11 62 0.1195
11 43 0.01797
11 63 0.01562
11 17 0.4482
11 64 0.01875
11 44 0.01875
11 18 0.02422
11 2 0.04086
11 45 0.01562
11 35 0.02344
11 36 0.03385
11 19 0.02266
11 20 0.2953
11 68 0.04337
11 21 0.005469
11 70 0.00919
11 71 0.00919
11 22 0.02266
11 37 0.01406
11 39 0.04315
11 23 0.08594
11 33 0.09146
11 24 0.06406
11 48 0.04043
11 76 0.0176
11 25 0.07055
11 26 0.03013
11 38 0.02444
11 27 0.06484
11 80 0.01562
11 28 0.02266
11 47 0.02031
11 81 0.01328
11 82 0.03274
11 40 0.1825
11 29 0.6256
11 83 0.2691
11 34 0.1952
11 3 1000
11 84 0.2606
11 30 0.06271
11 31 0.1112
11 1 0.2387
12 49 0.2654
12 13 0.6581
12 54 0.6659
12 55 0.1975
12 56 0.4911
12 57 0.4911
12 58 0.117
12 14 0.1535
12 15 0.2604
12 16 0.5118
12 59 0.09669
12 41 0.1642
12 42 0.1352
12 60 0.03515
12 61 0.1138
12 62 0.1919
12 43 0.1201
12 63 0.1063
12 17 0.8432
12 64 0.08742
12 44 0.1138
12 18 0.1038
12 2 0.1317
12 45 0.04906
12 67 0.0368
12 46 0.01777
12 35 0.2597
12 36 0.1264
12 19 0.1296
12 20 0.695
12 68 0.1299
12 21 0.03082
12 70 0.04808
12 71 0.04808
12 22 0.2233
12 37 0.05912
12 39 0.315
12 23 0.3931
12 74 0.1029
12 75 0.1029
12 33 0.2955
12 24 0.2352
12 48 0.09602
12 76 0.06041
12 77 0.0191
12 25 0.3271
12 26 0.2687
12 38 0.2326
12 27 0.3409
12 80 0.1208
12 28 0.1371
12 47 0.1239
12 81 0.04465
12 82 0.1036
12 40 0.4355
12 29 0.6369
12 83 0.3981
12 34 0.5987
12 3 1000
12 84 0.4622
12 30 0.2241
12 31 0.2596
12 1 0.5588
13 49 0.007812
13 54 0.2274
13 55 0.2364
13 56 0.1419
13 57 0.1419
13 58 0.008594
13 14 0.02187
13 15 0.01953
13 16 0.1289
13 41 0.007031
13 42 0.005469
13 61 0.01172
13 43 0.005469
13 63 0.002344
13 17 0.6607
13 64 0.002344
13 44 0.007031
13 18 0.02344
13 2 0.0825
13 45 0.003125
13 35 0.02344
13 36 0.04025
13 19 0.007031
13 20 0.2327
13 68 0.1025
13 21 0.01306
13 70 0.01523
13 71 0.01523
13 22 0.02344
13 37 0.01113
13 39 0.0185
13 23 0.04131
13 33 0.09602
13 24 0.04231
13 25 0.05024
13 26 0.03037
13 38 0.04044
13 27 0.04688
13 80 0.003906
13 28 0.02266
13 47 0.007031
13 81 0.01562
13 82 0.03411
13 40 0.1831
13 29 0.2156
13 34 0.1131
13 3 0.2779
13 84 0.2164
13 30 0.1413
13 31 0.3225
13 1 0.5178
54 55 0.7453
54 56 1000
54 57 1000
54 58 0.1814
54 14 0.1257
54 15 0.2357
54 16 0.4729
54 59 0.2746
54 41 0.03
54 42 0.02714
54 60 0.02326
54 61 0.03286
54 62 0.1946
54 43 0.04429
54 63 0.04571
54 17 0.4141
54 64 0.06
54 44 0.02286
54 18 0.04143
54 2 0.1081
54 45 0.06286
54 67 0.09218
54 35 0.3329
54 36 0.2106
54 19 0.1843
54 20 0.5717
54 68 0.2616
54 21 0.01292
54 70 0.04301
54 71 0.04301
54 22 0.07429
54 37 0.06864
54 39 0.1014
54 23 0.3843
54 73 0.1514
54 74 0.1666
54 75 0.1666
54 33 0.4298
54 24 0.1229
54 48 0.1225
54 76 0.07679
54 25 0.4013
54 79 0.3049
54 26 0.2222
54 38 0.1833
54 27 0.25
54 80 0.07
54 28 0.07429
54 47 0.04429
54 81 0.01714
54 82 0.1393
54 40 0.3377
54 29 0.3703
54 83 1000
54 34 1000
54 3 1000
54 84 1000
54 30 0.1251
54 31 0.2056
54 1 0.213
55 10 0.512
55 56 1000
55 57 1000
55 58 0.3301
55 14 0.1833
55 15 0.3895
55 16 0.7466
55 59 0.4362
55 41 0.1022
55 42 0.04737
55 60 0.03409
55 61 0.06269
55 62 0.2168
55 43 0.03609
55 63 0.01579
55 17 0.03051
55 64 0.0188
55 44 0.04708
55 18 0.0794
55 65 0.3582
55 2 0.3573
55 45 0.02556
55 67 0.2075
55 46 0.1355
55 35 0.3883
55 36 0.3887
55 19 0.4065
55 20 0.7286
55 68 0.35
55 21 0.029
55 70 0.06304
55 71 0.06304
55 22 0.06466
55 37 0.1263
55 39 0.2615
55 23 0.4903
55 33 0.3157
55 24 0.158
55 48 0.02362
55 77 0.1296
55 25 0.6355
55 79 0.2211
55 26 0.4532
55 38 0.07789
55 27 0.3639
55 80 0.08947
55 28 0.104
55 47 0.04812
55 81 0.02256
55 82 0.2129
55 40 1000
55 29 0.5361
55 83 0.118
55 34 0.4957
55 3 0.1086
55 84 0.2015
55 1 0.0284
56 57 1000
56 58 0.1469
57 58 0.1469
56 14 0.04896
57 14 0.04896
56 15 0.1677
57 15 0.1677
56 16 0.3947
57 16 0.3947
56 59 0.367
57 59 0.367
56 41 0.09688
57 41 0.09688
56 42 0.07083
57 42 0.07083
56 60 0.08421
57 60 0.08421
56 61 0.09375
57 61 0.09375
56 62 0.2437
57 62 0.2437
56 43 0.08438
57 43 0.08438
56 63 0.08854
57 63 0.08854
56 17 0.2104
57 17 0.2104
56 64 0.075
57 64 0.075
56 44 0.08542
57 44 0.08542
56 18 0.05729
57 18 0.05729
56 65 0.432
57 65 0.432
56 2 0.2375
57 2 0.2375
56 45 0.1115
57 45 0.1115
56 66 0.2516
57 66 0.2516
56 67 0.1911
57 67 0.1911
56 46 0.09563
57 46 0.09563
56 35 0.2354
57 35 0.2354
56 36 0.2181
57 36 0.2181
56 19 0.1456
57 19 0.1456
56 20 0.5385
57 20 0.5385
56 68 0.3401
57 68 0.3401
56 69 0.3757
57 69 0.3757
56 21 0.1009
57 21 0.1009
56 70 0.117
57 70 0.117
57 71 0.117
56 71 0.117
56 22 0.1354
57 22 0.1354
56 72 0.2017
57 72 0.2017
56 37 0.1735
57 37 0.1735
56 39 0.3256
57 39 0.3256
56 23 0.1729
57 23 0.1729
56 73 0.5423
57 73 0.5423
56 74 0.4357
57 74 0.4357
57 75 0.4357
56 75 0.4357
56 33 1000
57 33 1000
56 24 0.03854
57 24 0.03854
56 48 0.3825
57 48 0.3825
56 76 0.1619
57 76 0.1619
56 77 0.2974
57 77 0.2974
56 78 0.2483
57 78 0.2483
56 25 0.3575
57 25 0.3575
56 79 1000
57 79 1000
56 26 0.2041
57 26 0.2041
56 38 0.1721
57 38 0.1721
56 27 0.1583
57 27 0.1583
56 80 0.07604
57 80 0.07604
56 28 0.09167
57 28 0.09167
56 47 0.09688
57 47 0.09688
56 81 0.04896
57 81 0.04896
56 82 0.4101
57 82 0.4101
56 40 0.4534
57 40 0.4534
56 29 0.2618
57 29 0.2618
56 83 1000
57 83 1000
56 34 1000
57 34 1000
56 3 0.8353
57 3 0.8353
56 84 0.7731
57 84 0.7731
56 30 0.1349
57 30 0.1349
56 31 0.2413
57 31 0.2413
56 1 0.171
57 1 0.171
58 14 1000
58 15 0.5224
58 41 0.2552
58 42 0.2314
58 60 0.02101
58 61 0.5386
58 43 0.1909
58 63 0.1817
58 64 0.07371
58 44 0.04914
58 18 1000
58 65 0.648
58 2 0.7119
58 45 0.06229
58 46 0.3649
58 35 0.08549
58 36 1.072
58 19 0.2303
58 22 0.7752
58 37 0.08442
58 39 0.3728
58 73 0.1369
58 33 0.1689
58 24 0.5867
58 26 1000
58 27 0.4702
58 80 0.3611
58 28 1000
58 47 0.04514
58 81 0.1109
58 40 0.4229
58 34 0.1865
58 3 0.083
58 1 0.01207
14 15 1000
14 41 0.01176
14 42 0.01118
14 61 0.01294
14 43 0.01235
14 63 0.03647
14 64 0.007647
14 44 0.006471
14 18 0.1938
14 65 0.05228
14 2 0.4765
14 45 0.007647
14 67 0.01985
14 46 0.02472
14 35 0.362
14 36 0.2275
14 19 0.1513
14 21 0.01163
14 22 0.02932
14 37 0.02604
14 39 0.05148
14 23 0.1327
14 33 0.02154
14 24 1000
14 26 0.0928
14 38 0.02588
14 27 1000
14 80 0.02059
14 28 0.01672
14 47 0.007647
14 81 0.006471
14 40 0.17
14 34 0.2045
14 3 0.06888
14 30 0.006979
14 1 0.2489
15 41 0.04082
15 42 0.01652
15 61 0.05681
15 43 0.0113
15 63 0.01826
15 64 0.005217
15 44 0.02104
15 18 0.2714
15 65 0.5585
15 2 0.9894
15 45 0.005217
15 67 0.127
15 46 0.2629
15 35 0.74
15 21 0.02734
15 22 0.3524
15 37 0.08767
15 39 0.2695
15 23 0.06225
15 33 0.1429
15 24 1.004
15 26 0.362
15 27 1000
15 80 0.008261
15 28 0.2567
15 47 0.002609
15 81 0.003043
15 40 0.4334
15 34 0.3264
15 3 0.1215
15 30 0.03944
15 1 0.3482
16 58 0.09626
16 14 0.1093
16 15 0.157
16 59 0.2925
16 41 0.0729
16 42 0.07383
16 60 0.02409
16 61 0.05234
16 62 0.2272
16 43 0.04299
16 63 0.0215
16 17 0.3428
16 64 0.0243
16 44 0.03364
16 18 0.04019
16 2 0.3587
16 45 0.01308
16 67 0.1053
16 46 0.05719
16 35 0.09907
16 36 0.1011
16 19 0.08037
16 20 0.4869
16 68 0.2829
16 21 0.0286
16 70 0.03906
16 71 0.03906
16 22 0.08224
16 37 0.06884
16 39 0.1093
16 23 0.1664
16 33 0.3152
16 24 0.1074
16 48 0.08561
16 76 0.03968
16 25 0.233
16 26 0.1677
16 38 0.06673
16 27 0.1589
16 80 0.05047
16 28 0.06075
16 47 0.04486
16 81 0.02897
16 82 0.1396
16 40 0.4034
16 29 0.2698
16 83 0.4063
16 34 0.4571
16 3 1000
16 84 0.4395
16 30 0.06481
16 31 0.1282
16 1 0.129
59 13 0.07317
59 58 0.4829
59 14 0.08049
59 15 0.4805
59 41 1000
59 42 0.4711
59 60 0.8875
59 61 0.3503
59 62 1.087
59 43 0.1761
59 63 0.384
59 17 0.03666
59 64 0.5424
59 44 0.8603
59 18 0.1226
59 65 1000
59 2 0.2522
59 45 0.3522
59 66 0.8796
59 67 0.4468
59 46 0.3144
59 35 0.4415
59 36 0.5037
59 19 0.3268
59 20 0.2016
59 68 0.4917
59 69 1.055
59 21 0.1874
59 70 1000
59 71 1000
59 22 0.1049
59 72 0.7384
59 37 0.2048
59 39 1000
59 23 0.3171
59 73 0.2034
59 74 0.38
59 75 0.38
59 33 0.4229
59 24 0.08049
59 48 0.1914
59 76 0.2492
59 77 0.2465
59 78 0.5461
59 25 0.3624
59 79 0.2513
59 26 0.3134
59 38 0.4402
59 27 0.4122
59 80 0.2523
59 28 0.1114
59 47 1000
59 81 0.2246
59 82 0.3874
59 29 0.261
59 83 0.3603
59 34 0.3522
59 84 0.0253
41 42 0.9528
41 61 0.8317
41 62 1000
41 43 1.031
41 63 0.04614
41 64 0.09713
41 44 0.1694
41 18 0.3181
41 65 0.1901
41 2 0.172
41 45 0.09615
41 67 0.3654
41 46 0.3218
41 35 0.07252
41 36 0.2201
41 19 0.02849
41 21 0.06916
41 22 0.3883
41 37 0.0864
41 39 0.07185
41 23 0.07982
41 73 0.04108
41 78 0.09549
41 27 0.07721
41 80 0.8644
41 28 0.579
41 47 0.4985
41 81 0.1036
41 34 0.03711
42 60 1000
42 61 1.053
42 62 1000
42 43 0.9283
42 63 0.1387
42 64 0.1704
42 44 0.003704
42 47 0.2667
42 81 1000
60 13 0.01754
60 14 0.01754
60 15 0.01754
60 41 0.3561
60 61 1000
60 62 0.5286
60 43 0.09035
60 63 1.064
60 17 0.02258
60 64 0.7325
60 44 0.2523
60 18 0.01754
60 65 0.3061
60 2 0.06622
60 45 0.8339
60 66 0.6152
60 67 0.4632
60 46 0.3231
60 35 0.01754
60 36 0.07219
60 19 0.01754
60 20 0.02154
60 68 0.1933
60 69 0.7116
60 21 0.1923
60 70 0.4948
60 71 0.4948
60 22 0.3316
60 72 0.424
60 37 0.1489
60 39 0.3076
60 23 0.01754
60 73 0.04776
60 74 0.1559
60 75 0.1559
60 33 0.07144
60 24 0.01228
60 48 0.0636
60 76 0.04055
60 77 0.1317
60 78 0.2193
60 25 0.02139
60 79 0.04172
60 26 0.04101
60 38 1000
60 27 0.01754
60 80 0.207
60 28 0.01754
60 47 0.7262
60 81 1000
60 82 0.09076
60 29 0.01754
60 83 0.1494
60 34 0.04739
60 3 0.01481
61 62 0.8163
61 43 1.339
61 63 0.6293
61 64 0.6538
61 44 0.3503
61 18 0.2865
61 65 0.2056
61 2 0.19
61 45 0.4898
61 67 0.3337
61 46 0.3679
61 35 0.04208
61 36 0.4512
61 19 0.0532
61 21 0.1262
61 70 0.4072
61 71 0.4072
61 22 0.9209
61 37 0.2402
61 39 0.132
61 73 0.04348
61 24 0.1956
61 26 0.5327
61 38 0.6673
61 27 0.06234
61 80 0.8434
61 28 0.7407
61 47 0.5549
61 81 1000
61 34 0.03481
62 10 0.1875
62 13 0.1625
62 58 0.25
62 14 0.1875
62 15 0.25
62 43 1000
62 63 0.07426
62 17 0.09735
62 18 0.1881
62 65 0.4925
62 2 0.05569
62 45 0.274
62 66 0.8328
62 46 0.3836
62 35 0.2313
62 36 0.2836
62 19 0.225
62 20 0.2228
62 68 0.3873
62 69 0.8993
62 21 0.1535
62 70 0.3342
62 71 0.3342
62 22 0.1356
62 72 0.6374
62 37 0.3088
62 39 0.4714
62 23 0.0625
62 73 0.2503
62 74 0.3668
62 75 0.3668
62 33 0.2499
62 24 0.09375
62 48 0.2478
62 76 0.2306
62 77 0.2991
62 78 0.3963
62 25 0.2885
62 79 0.2256
62 26 0.2374
62 38 0.4143
62 27 0.2188
62 80 0.2717
62 28 0.198
62 47 0.09489
62 81 0.1306
62 82 0.3452
62 29 0.2062
62 83 0.3913
62 34 0.2361
43 63 0.05
43 64 0.06053
43 44 0.05526
43 80 0.819
43 47 0.1842
43 81 0.07051
63 64 1000
63 44 0.09424
63 45 1000
63 70 0.429
63 71 0.429
63 37 0.1124
63 80 0.0648
63 47 0.2584
63 81 0.4695
17 5 0.2108
17 7 0.2518
17 58 0.1032
17 14 0.1165
17 15 0.164
17 41 0.04496
17 42 0.02446
17 61 0.02266
17 43 0.03561
17 63 0.02986
17 64 0.02374
17 44 0.0205
17 18 0.08633
17 2 0.03436
17 45 0.01942
17 67 0.03065
17 46 0.0295
17 35 0.1701
17 36 0.1247
17 19 0.09209
17 20 0.5187
17 68 0.06037
17 21 0.002878
17 70 0.01403
17 71 0.01403
17 22 0.08273
17 37 0.0497
17 39 0.1674
17 23 0.2432
17 74 0.07461
17 75 0.07461
17 33 0.1988
17 24 0.2259
17 48 0.2361
17 76 0.1702
17 25 0.2507
17 26 0.2018
17 38 0.09541
17 27 0.2572
17 80 0.04892
17 28 0.09964
17 47 0.03957
17 81 0.007914
17 82 0.01714
17 40 0.05616
17 29 0.484
17 83 0.4419
17 34 0.1478
17 3 1000
17 84 0.2133
17 30 0.6616
17 31 1.031
17 1 1000
64 62 0.003448
64 44 0.4126
64 47 1000
44 62 0.002
44 65 0.1741
44 2 0.09962
44 45 0.04829
44 35 0.02683
44 36 0.08002
44 21 0.02499
44 70 0.06643
44 71 0.06643
44 37 0.09221
44 47 0.5087
18 42 0.2458
18 43 0.2476
18 63 0.138
18 64 0.1229
18 44 0.1319
18 65 0.232
18 2 0.5313
18 45 0.1241
18 67 0.04964
18 46 0.1001
18 35 0.1043
18 36 0.1338
18 19 0.009329
18 21 0.07003
18 22 0.1752
18 37 0.07053
18 39 0.07423
18 23 0.06715
18 73 0.1035
18 33 0.1135
18 24 0.953
18 78 0.03048
18 26 0.2476
18 38 0.02181
18 27 0.5296
18 80 0.3693
18 28 1000
18 47 0.1283
18 81 0.09759
18 82 0.08632
18 40 0.257
18 34 0.1812
18 3 0.05672
18 30 0.01379
18 1 0.01433
65 7 0.2772
65 9 0.1874
65 10 0.1555
65 11 0.03853
65 12 0.03116
65 13 0.05779
65 54 0.09717
65 16 0.22
65 42 0.06997
65 43 0.1105
65 63 0.2347
65 17 0.02734
65 64 0.1766
65 2 1000
65 45 0.455
65 66 1000
65 67 1000
65 46 1000
65 35 0.3955
65 36 1000
65 19 0.5597
65 20 0.2249
65 68 1000
65 69 1000
65 21 1000
65 70 0.6093
65 71 0.6093
65 22 0.8037
65 72 1000
65 37 1000
65 39 1000
65 23 0.5708
65 73 1000
65 74 1000
65 75 1000
65 33 0.5344
65 24 0.2781
65 48 0.1288
65 76 0.1001
65 77 1000
65 78 1000
65 25 0.3588
65 79 0.4273
65 26 0.688
65 38 0.3464
65 27 0.5412
65 80 0.3288
65 28 0.276
65 47 0.1585
65 81 0.0687
65 82 1000
65 40 0.3737
65 29 0.1941
65 83 0.324
65 34 0.3718
65 3 0.006374
65 84 0.001841
65 30 0.1447
65 31 0.09072
65 1 0.2561
2 42 0.1323
2 43 0.1043
2 63 0.1549
2 64 0.1319
2 45 0.1831
2 66 0.2224
2 67 0.4641
2 46 0.5131
2 35 0.6596
2 36 1.294
2 19 0.8806
2 20 0.3524
2 68 1000
2 69 0.2326
2 21 0.2296
2 70 0.1358
2 71 0.1358
2 22 0.8091
2 72 0.07324
2 37 0.38
2 39 0.5574
2 23 0.7546
2 73 0.4149
2 74 0.002731
2 75 0.002731
2 33 0.3613
2 24 0.6172
2 48 0.01893
2 76 0.001064
2 77 0.04974
2 78 0.2965
2 25 0.5872
2 79 1000
2 26 0.9356
2 38 0.2972
2 27 0.7284
2 80 0.3049
2 28 0.5597
2 47 0.1232
2 81 0.06404
2 82 1000
2 40 1000
2 29 0.2612
2 83 0.0326
2 34 0.2196
2 3 0.04104
2 84 0.05225
2 30 0.01724
2 31 0.006801
2 1 0.09728
45 42 0.0398
45 43 0.005102
45 64 0.3735
45 67 0.6381
45 46 0.4812
45 69 0.5414
45 21 0.578
45 70 0.7805
45 71 0.7805
45 72 0.1754
45 37 0.574
45 39 0.2643
45 38 1000
45 80 0.1226
45 47 0.05
45 81 0.2504
66 49 0.3062
66 9 0.2622
66 10 0.1909
66 11 0.07177
66 12 0.08469
66 13 0.01388
66 54 0.1373
66 55 0.3043
66 58 0.5962
66 14 0.01148
66 15 0.5024
66 16 0.2651
66 41 0.2115
66 42 0.04833
66 61 0.2273
66 43 0.1689
66 63 0.3096
66 17 0.01005
66 64 0.2512
66 44 0.1091
66 18 0.1081
66 45 0.4483
66 67 1000
66 46 0.2306
66 35 0.3689
66 36 0.5953
66 19 0.312
66 20 0.3024
66 68 0.4849
66 69 1000
66 21 0.5083
66 70 0.7649
66 71 0.7649
66 22 0.2612
66 72 1000
66 37 1000
66 39 1000
66 23 0.1641
66 73 0.2551
66 74 0.3121
66 75 0.3121
66 33 0.2097
66 24 0.002392
66 48 0.1117
66 76 0.07031
66 77 0.2481
66 78 0.6188
66 25 0.388
66 79 0.2747
66 26 0.5081
66 38 0.3139
66 27 0.2986
66 80 0.2895
66 28 0.2043
66 47 0.2445
66 81 0.05024
66 82 0.3973
66 29 0.2388
66 83 0.3563
66 34 0.1876
66 84 0.01194
66 30 0.005759
66 1 0.0004785
67 11 0.0007353
67 13 0.02574
67 58 0.1897
67 42 0.1787
67 62 0.3985
67 43 0.2618
67 63 0.5199
67 64 0.4507
67 44 0.264
67 46 1000
67 35 0.1004
67 36 0.2554
67 19 0.08897
67 20 0.1356
67 68 0.3923
67 69 1.088
67 21 1000
67 70 0.824
67 71 0.824
67 22 0.2723
67 72 0.5908
67 37 1000
67 39 1000
67 23 0.125
67 73 0.09997
67 74 0.05461
67 75 0.05461
67 33 0.1943
67 24 0.09232
67 77 0.1077
67 78 0.2713
67 25 0.1405
67 79 0.1144
67 26 0.1525
67 38 0.6547
67 27 0.09826
67 80 0.3044
67 28 0.1208
67 47 0.3404
67 81 0.1809
67 82 0.2862
67 40 0.246
67 29 0.0772
67 34 0.0754
67 30 0.01545
67 1 0.011
46 9 0.0254
46 11 0.0007937
46 13 0.02222
46 54 0.02619
46 42 0.2619
46 43 0.2373
46 63 0.4151
46 64 0.373
46 44 0.2937
46 35 0.2189
46 36 0.9347
46 19 0.2686
46 20 0.03095
46 68 1000
46 69 0.5302
46 21 1000
46 70 1.133
46 71 1.133
46 22 1000
46 72 0.082
46 37 1000
46 39 0.5379
46 23 0.1437
46 73 0.1299
46 33 0.07542
46 24 0.1303
46 48 0.02114
46 78 0.2644
46 25 0.1181
46 79 0.05549
46 26 0.6679
46 38 1000
46 27 0.1679
46 80 0.2254
46 28 0.2107
46 47 0.323
46 81 0.2439
46 82 0.1415
46 40 0.1993
46 29 0.03949
46 83 0.08888
46 34 0.05686
46 3 0.006014
46 30 0.0085
46 31 0.03745
46 1 0.0438
35 42 0.06931
35 43 0.02574
35 63 0.07921
35 64 0.06832
35 45 0.08218
35 36 0.3834
35 21 0.07447
35 22 0.1228
35 37 0.1745
35 39 0.1373
35 23 0.2911
35 33 0.1375
35 24 0.6078
35 26 0.07498
35 38 0.08733
35 27 0.6842
35 80 0.0396
35 28 0.1575
35 47 0.02772
35 81 0.0198
35 40 0.518
35 29 0.03539
35 34 0.2193
35 3 0.1193
35 30 0.03126
35 1 0.09137
36 15 0.6656
36 42 0.2425
36 43 0.1139
36 63 0.2247
36 64 0.127
36 45 0.3625
36 19 0.9473
36 20 0.1787
36 68 1000
36 69 0.6908
36 21 0.1369
36 70 0.1657
36 71 0.1657
36 22 1000
36 72 0.3612
36 37 0.5475
36 39 0.8834
36 23 0.127
36 73 0.5032
36 74 0.1895
36 75 0.1895
36 33 0.4723
36 24 0.6529
36 48 0.06441
36 76 0.05983
36 77 0.1756
36 78 0.3035
36 25 0.0736
36 79 0.1063
36 26 1000
36 38 0.1503
36 27 0.6436
36 80 0.5834
36 28 0.1679
36 47 0.04286
36 81 0.06988
36 82 0.2606
36 40 0.7793
36 29 0.04351
36 83 0.2801
36 34 0.6936
36 3 0.1449
36 84 0.1284
36 30 0.02069
36 31 0.06711
36 1 0.6049
19 15 0.2343
19 42 0.03
19 43 0.01143
19 63 0.01714
19 64 0.01429
19 44 0.004286
19 45 0.05714
19 35 0.2286
19 68 0.4914
19 21 0.04156
19 22 0.2902
19 37 0.2102
19 39 0.1871
19 23 0.04857
19 73 0.08517
19 33 0.165
19 24 0.2422
19 25 0.2011
19 26 0.2408
19 38 0.04
19 27 0.1957
19 80 0.08714
19 28 0.03118
19 47 0.008571
19 81 0.004286
19 40 0.53
19 34 0.2311
19 3 0.1214
19 31 0.04342
19 1 0.1203
20 58 0.104
20 14 0.092
20 15 0.18
20 41 0.116
20 42 0.064
20 61 0.064
20 43 0.096
20 63 0.02
20 64 0.048
20 44 0.064
20 18 0.084
20 45 0.068
20 35 0.168
20 19 0.112
20 68 0.3257
20 21 0.03499
20 70 0.0495
20 71 0.0495
20 22 0.152
20 37 0.118
20 39 0.2241
20 23 0.2
20 74 0.2126
20 75 0.2126
20 33 0.3944
20 24 0.12
20 48 0.1513
20 76 0.1354
20 25 0.3186
20 26 0.1691
20 38 0.148
20 27 0.172
20 80 0.108
20 28 0.128
20 47 0.076
20 81 0.024
20 82 0.2036
20 40 0.4882
20 29 0.3263
20 83 0.5085
20 34 0.3172
20 3 0.4424
20 84 0.5614
20 30 0.2163
20 31 0.2904
20 1 0.2666
68 58 0.4473
68 14 0.1598
68 15 0.4852
68 41 0.3024
68 42 0.2663
68 61 0.3077
68 43 0.2124
68 63 0.2834
68 64 0.2615
68 44 0.2047
68 18 0.1858
68 45 0.2817
68 35 0.4071
68 69 0.6976
68 21 0.2964
68 70 0.388
68 71 0.388
68 22 0.7003
68 72 0.2985
68 37 0.4129
68 39 1000
68 23 0.3633
68 73 0.4451
68 74 0.2012
68 75 0.2012
68 33 1000
68 24 0.1207
68 48 0.05246
68 76 0.04661
68 77 0.2086
68 78 0.3377
68 25 0.3609
68 79 0.1695
68 26 0.4598
68 38 0.3786
68 27 0.3775
68 80 0.3172
68 28 0.2805
68 47 0.2657
68 81 0.1828
68 82 0.5152
68 40 0.6549
68 29 0.1996
68 83 0.2457
68 34 0.255
68 84 0.1139
68 30 0.02506
68 1 0.1072
69 7 0.4373
69 49 0.4851
69 9 0.4284
69 10 0.2672
69 11 0.09851
69 12 0.03433
69 13 0.06418
69 54 0.1254
69 55 0.4791
69 58 0.7
69 14 0.09254
69 15 0.5687
69 16 0.3821
69 41 0.4493
69 42 0.2701
69 61 0.4552
69 43 0.4612
69 63 0.4627
69 17 0.01194
69 64 0.4493
69 44 0.3463
69 18 0.3194
69 35 0.6104
69 19 0.5209
69 20 0.494
69 21 1000
69 70 0.7648
69 71 0.7648
69 22 0.5463
69 72 1000
69 37 1000
69 39 1000
69 23 0.4104
69 73 0.3399
69 74 0.4459
69 75 0.4459
69 33 0.284
69 24 0.01045
69 48 0.1166
69 76 0.08136
69 77 0.2634
69 78 0.7945
69 25 0.597
69 79 0.3294
69 26 0.6448
69 38 0.4657
69 27 0.506
69 80 0.5224
69 28 0.4642
69 47 0.4493
69 81 0.2612
69 82 0.5527
69 29 0.3881
69 83 0.3876
69 34 0.1836
69 84 0.008955
69 1 0.001493
21 58 0.03448
21 42 0.01379
21 43 0.01609
21 63 0.123
21 64 0.08851
21 70 1.168
21 71 1.168
21 22 0.2372
21 72 0.2595
21 37 1000
21 39 0.4957
21 23 0.0638
21 73 0.06309
21 33 0.103
21 78 0.1709
21 25 0.02299
21 26 0.05272
21 38 0.4665
21 27 0.03483
21 80 0.07701
21 28 0.1213
21 47 0.02644
21 81 0.02644
21 82 0.1325
21 40 0.1883
21 29 0.02737
21 34 0.02285
21 1 0.00863
70 58 0.06619
71 58 0.06619
70 14 0.02302
71 14 0.02302
70 15 0.04173
71 15 0.04173
70 41 0.1986
71 41 0.1986
70 42 0.1662
71 42 0.1662
70 43 0.03022
71 43 0.03022
70 64 0.1921
71 64 0.1921
70 18 0.02878
71 18 0.02878
70 35 0.03597
71 35 0.03597
70 19 0.03525
71 19 0.03525
70 71 1000
70 22 1000
71 22 1000
70 72 0.5209
71 72 0.5209
70 37 1000
71 37 1000
70 39 0.7145
71 39 0.7145
70 23 0.02086
71 23 0.02086
70 73 0.07682
71 73 0.07682
70 74 0.189
71 74 0.189
71 75 0.189
70 75 0.189
70 33 0.1327
71 33 0.1327
70 24 0.01799
71 24 0.01799
70 48 0.08075
71 48 0.08075
70 76 0.07075
71 76 0.07075
70 77 0.1586
71 77 0.1586
70 78 0.3748
71 78 0.3748
70 25 0.04103
71 25 0.04103
70 79 0.09103
71 79 0.09103
70 26 0.05886
71 26 0.05886
70 38 1000
71 38 1000
70 27 0.02518
71 27 0.02518
70 80 0.3504
71 80 0.3504
70 28 0.02302
71 28 0.02302
70 47 0.123
71 47 0.123
70 81 0.2014
71 81 0.2014
70 82 0.1538
71 82 0.1538
70 40 0.1964
71 40 0.1964
70 29 0.02878
71 29 0.02878
70 83 0.211
71 83 0.211
70 34 0.05863
71 34 0.05863
70 84 0.03216
71 84 0.03216
70 30 0.02347
71 30 0.02347
70 31 0.06664
71 31 0.06664
70 1 0.01281
71 1 0.01281
22 42 0.4841
22 43 0.1602
22 63 0.5845
22 64 0.4386
22 44 0.3271
22 45 0.659
22 37 0.5446
22 39 0.6968
22 23 0.0695
22 73 0.455
22 33 0.2145
22 24 0.405
22 78 0.08361
22 79 0.06313
22 26 1000
22 38 0.6436
22 27 0.3829
22 80 0.6426
22 28 0.5223
22 47 0.2626
22 81 0.2992
22 82 0.1502
22 40 0.5163
22 34 0.2264
22 3 0.05246
22 1 0.1208
72 7 0.2038
72 49 0.1681
72 9 0.1595
72 10 0.146
72 11 0.02367
72 12 0.05686
72 13 0.0208
72 54 0.08341
72 55 0.194
72 58 0.3688
72 14 0.0115
72 15 0.2374
72 16 0.1772
72 41 0.1031
72 42 0.01062
72 61 0.1115
72 43 0.09159
72 63 0.1192
72 17 0.02743
72 64 0.07743
72 44 0.02257
72 18 0.05774
72 35 0.2305
72 19 0.2058
72 20 0.179
72 22 0.0896
72 37 1000
72 39 1000
72 23 0.1442
72 73 0.2832
72 74 0.3659
72 75 0.3659
72 33 0.1866
72 24 0.02323
72 48 0.1216
72 76 0.07173
72 77 0.2527
72 78 0.587
72 25 0.2137
72 79 0.254
72 26 0.2558
72 38 0.09038
72 27 0.1768
72 80 0.2033
72 28 0.1038
72 47 0.1015
72 81 0.01062
72 82 0.2961
72 40 0.006952
72 29 0.1498
72 83 0.3924
72 34 0.1981
72 84 0.00165
72 31 0.04266
72 1 0.01106
37 42 0.05287
37 43 0.03448
37 64 0.07586
37 39 1000
37 23 0.1074
37 73 0.1165
37 33 0.2093
37 24 0.1215
37 78 0.3864
37 25 0.1143
37 79 0.1403
37 26 0.3053
37 38 0.495
37 27 0.07963
37 80 0.07011
37 28 0.1579
37 47 0.06552
37 81 0.05517
37 82 0.2492
37 40 0.3144
37 29 0.03751
37 34 0.08157
37 30 0.01807
37 31 0.06716
37 1 0.03195
39 42 0.01265
39 43 0.02865
39 63 0.07498
39 64 0.03942
39 44 0.0352
39 23 0.1876
39 73 0.4904
39 74 1000
39 75 1000
39 33 1000
39 24 0.1182
39 48 0.421
39 76 0.3315
39 77 1000
39 78 1000
39 25 0.123
39 79 0.4037
39 26 0.4877
39 38 0.2235
39 27 0.2223
39 80 0.1874
39 28 0.1707
39 47 0.0488
39 81 0.04656
39 82 0.5496
39 40 0.4736
39 29 0.05518
39 83 1000
39 34 0.2773
39 3 0.2436
39 84 0.136
39 30 0.1458
39 31 0.3804
39 1 0.1892
23 58 0.002721
23 42 0.05646
23 61 0.04728
23 43 0.05204
23 63 0.05272
23 64 0.05238
23 44 0.04762
23 45 0.0466
23 73 0.1202
23 33 0.3367
23 24 0.1727
23 26 0.04932
23 38 0.03293
23 27 1000
23 80 0.006122
23 28 0.05644
23 47 0.04966
23 81 0.03639
23 40 0.4933
23 29 0.04331
23 34 0.2358
23 3 0.266
23 30 0.1042
23 31 0.09537
23 1 0.4737
73 49 0.1657
73 8 0.1836
73 51 0.2092
73 10 0.1041
73 11 0.03918
73 12 0.0809
73 13 0.04717
73 55 0.08733
73 14 0.01189
73 15 0.1187
73 16 0.1524
73 42 0.01793
73 43 0.02749
73 63 0.04425
73 17 0.05789
73 64 0.03567
73 44 0.0308
73 45 0.05984
73 35 0.1304
73 20 0.1655
73 74 1000
73 75 1000
73 33 1000
73 24 0.06645
73 48 1000
73 76 0.3029
73 77 1000
73 78 0.4941
73 25 0.1776
73 79 1000
73 26 0.3282
73 38 0.0894
73 27 0.09883
73 80 0.04113
73 28 0.1248
73 47 0.0269
73 81 0.005653
73 82 1000
73 40 1000
73 29 0.09298
73 83 1000
73 34 0.4171
73 3 0.08641
73 84 0.1623
73 30 0.3253
73 31 0.4768
73 1 0.2233
74 5 0.1157
75 5 0.1157
74 7 0.1773
75 7 0.1773
74 49 0.1682
75 49 0.1682
74 8 0.2537
75 8 0.2537
74 51 0.1897
75 51 0.1897
74 10 0.132
75 10 0.132
74 11 0.03851
75 11 0.03851
74 13 0.06069
75 13 0.06069
74 55 0.1001
75 55 0.1001
74 58 0.1859
75 58 0.1859
74 14 0.01542
75 14 0.01542
74 15 0.2012
75 15 0.2012
74 16 0.1588
75 16 0.1588
74 41 0.07856
75 41 0.07856
74 42 0.01634
75 42 0.01634
74 61 0.0637
75 61 0.0637
74 43 0.05854
75 43 0.05854
74 63 0.09595
75 63 0.09595
74 64 0.07402
75 64 0.07402
74 44 0.05166
75 44 0.05166
74 18 0.02746
75 18 0.02746
74 45 0.1042
75 45 0.1042
74 46 0.05418
75 46 0.05418
74 35 0.1733
75 35 0.1733
74 19 0.08673
75 19 0.08673
74 21 0.07402
75 21 0.07402
74 22 0.04023
75 22 0.04023
74 37 0.09367
75 37 0.09367
74 23 0.1505
75 23 0.1505
74 75 1000
74 33 1000
75 33 1000
74 24 0.06204
75 24 0.06204
74 48 1000
75 48 1000
74 76 1000
75 76 1000
74 77 1000
75 77 1000
74 78 1000
75 78 1000
74 25 0.194
75 25 0.194
74 79 1000
75 79 1000
74 26 0.163
75 26 0.163
74 38 0.1297
75 38 0.1297
74 27 0.1475
75 27 0.1475
74 80 0.1383
75 80 0.1383
74 28 0.05221
75 28 0.05221
74 47 0.07746
75 47 0.07746
74 81 0.008968
75 81 0.008968
74 82 0.2988
75 82 0.2988
74 40 0.0637
75 40 0.0637
74 29 0.1188
75 29 0.1188
74 83 1000
75 83 1000
74 34 0.3216
75 34 0.3216
74 3 0.186
75 3 0.186
74 84 0.1987
75 84 0.1987
74 30 0.4787
75 30 0.4787
74 31 0.8122
75 31 0.8122
74 1 0.3577
75 1 0.3577
33 41 0.06514
33 42 0.03624
33 61 0.0594
33 43 0.06399
33 63 0.08326
33 64 0.06697
33 44 0.05803
33 45 0.1069
33 24 0.1967
33 48 0.3813
33 76 0.1355
33 77 1000
33 78 1000
33 25 0.2242
33 79 1000
33 26 0.2776
33 38 0.1462
33 27 0.152
33 80 0.06674
33 28 0.09723
33 47 0.06284
33 81 0.01376
33 82 1000
33 40 1000
33 29 0.1548
33 83 1000
33 34 1000
33 3 0.4519
33 84 1000
33 30 0.2605
33 31 0.2376
33 1 0.2333
24 41 0.186
24 42 0.2054
24 43 0.1923
24 63 0.1851
24 64 0.1869
24 44 0.08784
24 45 0.1541
24 21 0.1014
24 25 0.04297
24 26 0.4416
24 38 0.02186
24 27 1000
24 80 0.002703
24 28 0.3776
24 47 0.1293
24 81 0.08198
24 40 0.1742
24 29 0.01202
24 34 0.1556
24 3 0.2189
24 1 0.1521
48 49 0.05796
48 51 0.07482
48 52 0.07229
48 10 0.06691
48 13 0.0628
48 58 0.05627
48 14 0.003161
48 15 0.07682
48 41 0.0216
48 42 0.007798
48 61 0.02055
48 43 0.02244
48 63 0.02613
48 64 0.03277
48 44 0.01791
48 18 0.007798
48 45 0.0314
48 67 0.0236
48 35 0.06196
48 19 0.02234
48 21 0.01907
48 22 0.01128
48 37 0.02381
48 23 0.02719
48 24 0.03193
48 76 1000
48 77 0.3299
48 78 0.1424
48 25 0.06723
48 79 0.4187
48 26 0.05067
48 38 0.04742
48 27 0.04668
48 80 0.05806
48 28 0.01486
48 47 0.02476
48 81 0.003583
48 82 0.091
48 40 0.1339
48 29 0.1008
48 83 1000
48 34 0.2299
48 3 0.335
48 84 0.2366
48 30 1000
48 31 1000
48 1 0.4026
76 5 0.02545
76 7 0.03618
76 49 0.04175
76 8 0.07207
76 51 0.04404
76 52 0.0664
76 13 0.02107
76 55 0.01024
76 58 0.05447
76 14 0.001292
76 15 0.04811
76 41 0.01143
76 42 0.0001988
76 61 0.01113
76 43 0.01133
76 63 0.01561
76 64 0.01223
76 44 0.005964
76 18 0.00507
76 45 0.0168
76 67 0.009742
76 46 0.01004
76 35 0.04145
76 19 0.0168
76 21 0.009742
76 22 0.007853
76 37 0.01103
76 23 0.005467
76 24 0.01183
76 77 0.2198
76 78 0.1086
76 25 0.04602
76 79 0.2076
76 26 0.03519
76 38 0.02714
76 27 0.02227
76 80 0.034
76 28 0.01083
76 47 0.01193
76 81 0.000497
76 82 0.05069
76 40 0.0176
76 29 0.03609
76 83 1000
76 34 0.03808
76 3 0.1477
76 84 0.08141
76 30 0.3919
76 31 0.8685
76 1 0.1838
77 49 0.1498
77 9 0.1184
77 10 0.06558
77 11 0.005116
77 13 0.007907
77 54 0.06279
77 58 0.1702
77 14 0.004884
77 15 0.1563
77 16 0.1035
77 41 0.07442
77 42 0.02372
77 61 0.0586
77 43 0.05279
77 63 0.1084
77 17 0.003488
77 64 0.09093
77 44 0.08326
77 18 0.0207
77 45 0.1437
77 46 0.05907
77 35 0.154
77 19 0.09837
77 20 0.1333
77 21 0.1128
77 22 0.03395
77 37 0.183
77 23 0.1767
77 24 0.04233
77 78 1000
77 25 0.176
77 79 0.5681
77 26 0.1321
77 38 0.1419
77 27 0.12
77 80 0.1249
77 28 0.04605
77 47 0.08349
77 81 0.01674
77 82 1000
77 40 0.1427
77 29 0.0486
77 83 1000
77 34 0.2893
77 3 0.01118
77 84 0.02266
77 30 0.2077
77 31 0.273
77 1 0.1318
78 5 0.1062
78 6 0.12
78 7 0.1321
78 49 0.1412
78 8 0.2906
78 9 0.1207
78 10 0.07728
78 11 0.01136
78 12 0.01506
78 13 0.02173
78 54 0.07062
78 55 0.1486
78 58 0.2647
78 14 0.01605
78 15 0.2793
78 16 0.1114
78 42 0.01852
78 61 0.09432
78 43 0.06716
78 63 0.1222
78 17 0.0002469
78 64 0.06988
78 44 0.04938
78 45 0.1716
78 35 0.2165
78 19 0.1272
78 20 0.1296
78 23 0.3057
78 24 0.06938
78 25 0.1602
78 79 0.4039
78 26 0.1539
78 38 0.172
78 27 0.2615
78 80 0.2506
78 28 0.0558
78 47 0.08346
78 81 0.007901
78 82 0.6301
78 40 0.01011
78 29 0.09951
78 83 0.451
78 34 0.2975
78 3 0.001481
78 84 0.007407
78 30 0.2336
78 31 0.08352
78 1 0.1881
25 58 0.03846
25 14 0.07692
25 15 0.08846
25 41 0.03846
25 42 0.05
25 61 0.02692
25 43 0.03846
25 63 0.003846
25 64 0.01154
25 44 0.03846
25 18 0.03846
25 45 0.02692
25 35 0.07692
25 22 0.1231
25 23 0.1231
25 26 0.04356
25 38 0.05846
25 27 0.07308
25 80 0.03846
25 28 0.03846
25 47 0.03846
25 81 0.03846
25 40 0.5163
25 29 0.09133
25 83 0.3564
25 34 0.2214
25 3 0.19
25 30 0.05672
25 1 0.02633
79 49 0.1758
79 8 0.1857
79 51 0.1538
79 10 0.2033
79 11 0.08791
79 12 0.1275
79 13 0.07253
79 58 0.04945
79 14 0.02198
79 15 0.1209
79 16 0.2121
79 41 0.05055
79 42 0.01758
79 61 0.03187
79 43 0.03297
79 63 0.04945
79 17 0.04505
79 64 0.06374
79 44 0.03736
79 18 0.02198
79 45 0.07912
79 35 0.1308
79 19 0.07473
79 20 0.1956
79 21 0.03736
79 23 0.1154
79 24 0.02527
79 25 0.1791
79 26 0.09341
79 38 0.09901
79 27 0.08681
79 80 0.04066
79 28 0.03516
79 47 0.04725
79 81 0.004396
79 82 0.5836
79 40 0.3276
79 29 0.1473
79 83 1000
79 34 1000
79 3 0.01904
79 84 0.1765
79 30 0.1053
79 31 0.1592
79 1 0.08681
26 41 0.4194
26 42 0.3847
26 43 0.2383
26 63 0.2898
26 64 0.1153
26 44 0.06684
26 45 0.3332
26 38 0.1037
26 27 0.3931
26 80 0.6587
26 28 1000
26 47 0.03673
26 81 0.09337
26 82 0.1963
26 40 1000
26 29 0.02043
26 34 0.2368
26 3 0.1006
26 1 0.09056
38 58 0.025
38 15 0.02
38 41 0.327
38 42 0.331
38 43 0.089
38 63 0.655
38 64 0.47
38 44 0.172
38 27 0.02
38 80 0.295
38 28 0.02336
38 47 0.301
38 81 0.5275
38 82 0.1504
38 40 0.3431
38 29 0.0273
38 83 0.1831
38 34 0.08315
38 1 0.02432
27 42 0.06705
27 43 0.05057
27 63 0.04432
27 64 0.04034
27 44 0.05
27 45 0.06648
27 80 0.006818
27 28 0.3682
27 47 0.03864
27 81 0.02727
27 40 0.3421
27 34 0.1836
27 3 0.2391
27 30 0.05112
27 1 0.1945
80 42 0.1126
80 64 0.05455
80 44 0.02587
80 47 0.1203
28 42 0.5538
28 43 0.4353
28 63 0.3
28 64 0.2193
28 44 0.2025
28 45 0.1966
28 80 0.7773
28 47 0.2378
28 81 0.195
28 40 0.3425
28 34 0.2355
28 3 0.05773
81 64 0.469
81 44 0.1931
81 80 0.03448
81 47 0.5414
82 49 0.2149
82 58 0.2018
82 14 0.0619
82 15 0.1851
82 41 0.07917
82 42 0.03512
82 61 0.07619
82 43 0.09226
82 63 0.0881
82 64 0.09286
82 44 0.08095
82 45 0.1327
82 35 0.2339
82 19 0.1542
82 23 0.1958
82 24 0.05179
82 25 0.2185
82 27 0.1667
82 80 0.103
82 28 0.1173
82 47 0.07738
82 81 0.02202
82 40 1000
82 29 0.09881
82 83 0.5084
82 34 0.226
82 84 0.1535
82 30 0.1098
82 31 0.1537
82 1 0.0303
40 59 0.1341
40 41 0.2697
40 42 0.1885
40 60 0.1327
40 61 0.2394
40 62 0.1327
40 43 0.2361
40 63 0.1481
40 64 0.1293
40 44 0.1274
40 45 0.2067
40 66 0.01683
40 69 0.001923
40 80 0.2755
40 47 0.1678
40 81 0.08173
40 29 0.2924
40 83 0.2747
40 34 0.2151
40 3 0.09622
40 84 0.2197
40 30 0.06753
40 1 0.04584
29 58 0.007299
29 14 0.007299
29 15 0.01606
29 41 0.007299
29 42 0.00219
29 61 0.0007299
29 43 0.00292
29 63 0.00365
29 64 0.00365
29 44 0.00365
29 18 0.00438
29 45 0.005839
29 19 0.007299
29 22 0.008759
29 27 0.02117
29 80 0.00146
29 28 0.01022
29 47 0.00438
29 81 0.0007299
29 34 0.3171
29 3 0.4534
29 84 0.3459
29 30 0.08683
29 31 0.2804
29 1 0.4124
83 49 0.3598
83 8 0.3959
83 51 0.3047
83 13 0.2908
83 58 0.2601
83 14 0.04187
83 15 0.2689
83 41 0.09165
83 42 0.02588
83 61 0.06238
83 43 0.07044
83 63 0.111
83 64 0.1321
83 44 0.08685
83 18 0.03904
83 45 0.1433
83 67 0.1487
83 35 0.2805
83 19 0.1335
83 21 0.1424
83 22 0.1011
83 37 0.16
83 23 0.2379
83 24 0.09279
83 26 0.2588
83 27 0.2314
83 80 0.1211
83 28 0.07482
83 47 0.0819
83 81 0.01103
83 29 0.3833
83 34 1000
83 3 1000
83 84 1000
83 30 0.788
83 31 1000
83 1 0.7229
34 42 0.03134
34 43 0.03433
34 63 0.0194
34 64 0.04627
34 44 0.02388
34 45 0.04627
34 80 0.04328
34 47 0.03134
34 81 0.008955
34 3 1000
34 84 1000
34 30 0.01488
34 1 0.1094
3 5 0.1202
3 59 0.01127
3 41 0.03882
3 42 0.03202
3 61 0.03524
3 62 0.01252
3 43 0.04168
3 63 0.03184
3 64 0.03399
3 44 0.03703
3 45 0.02165
3 66 0.0003578
3 67 0.02576
3 68 0.05635
3 69 0.001252
3 21 0.01163
3 70 0.01896
3 71 0.01896
3 72 0.003578
3 37 0.0347
3 38 0.05367
3 80 0.06816
3 47 0.03345
3 81 0.008587
3 82 0.06941
3 84 1000
3 30 0.4236
3 31 0.6188
3 1 1000
84 49 0.3286
84 52 0.1429
84 58 0.1129
84 14 0.04143
84 15 0.1486
84 41 0.04714
84 42 0.02714
84 60 0.01429
84 61 0.04143
84 62 0.02286
84 43 0.05571
84 63 0.04857
84 64 0.06286
84 44 0.05
84 18 0.04857
84 45 0.07857
84 67 0.05714
84 46 0.004286
84 35 0.1843
84 19 0.09143
84 21 0.03429
84 22 0.07
84 37 0.07571
84 23 0.2329
84 24 0.07429
84 25 0.26
84 26 0.1786
84 38 0.08286
84 27 0.1186
84 80 0.05571
84 28 0.09714
84 47 0.03143
84 81 0.008571
84 30 0.1594
84 31 0.2082
84 1 0.1978
30 49 0.02632
30 8 0.03957
30 51 0.0187
30 55 0.002632
30 58 0.01889
30 59 0.007707
30 41 0.006109
30 42 0.00235
30 60 0.006861
30 61 0.005075
30 62 0.007613
30 43 0.004981
30 63 0.0109
30 64 0.009868
30 44 0.007143
30 45 0.01081
30 19 0.009117
30 69 0.004887
30 21 0.009305
30 22 0.005451
30 72 0.006861
30 24 0.04953
30 26 0.02566
30 38 0.02058
30 80 0.01062
30 28 0.01203
30 47 0.008083
30 81 0.0005639
30 31 1000
30 1 0.6427
31 5 0.07624
31 7 0.1022
31 49 0.1006
31 8 0.1265
31 51 0.05967
31 52 0.06409
31 55 0.01326
31 58 0.06796
31 14 0.02707
31 15 0.1066
31 59 0.04199
31 41 0.04033
31 42 0.02486
31 60 0.04309
31 61 0.0442
31 62 0.06796
31 43 0.06298
31 63 0.04696
31 64 0.04751
31 44 0.03757
31 18 0.03149
31 45 0.05912
31 66 0.03978
31 67 0.05359
31 35 0.0895
31 68 0.04751
31 69 0.02983
31 21 0.03702
31 22 0.05304
31 24 0.09834
31 25 0.09779
31 26 0.07514
31 38 0.06409
31 27 0.08895
31 80 0.06077
31 28 0.02928
31 47 0.04199
31 81 0.006077
31 40 0.1376
31 34 0.03204
31 1 1000
1 5 0.03095
1 59 0.0008759
1 41 0.006569
1 42 0.003212
1 60 0.000146
1 61 0.004526
1 62 0.0008759
1 43 0.006131
1 63 0.003212
1 64 0.002336
1 44 0.002628
1 45 0.00365
1 80 0.01109
1 28 0.008759
1 47 0.002482
1 81 0.0005839
