65 2080 50
41 37 1000
41 38 1000
41 42 0.2553
41 43 0.2553
41 6 0.3503
41 7 0.3503
41 46 0.09525
41 47 0.09525
41 45 0.2613
41 39 0.349
41 40 0.349
41 23 0.341
41 8 0.4508
41 9 0.4508
41 30 1000
41 31 1000
41 10 0.4749
41 48 0.007179
41 24 0.3738
41 25 0.3738
41 11 0.5256
41 12 0.5256
41 13 0.5256
41 14 0.5256
41 32 0.07289
41 33 0.07289
41 34 0.4041
41 35 0.4041
41 26 0.6592
41 27 0.4015
41 4 0.6579
41 5 0.6579
41 15 0.4226
41 16 0.4226
41 49 0.01081
41 36 0.2775
41 50 0.6863
41 51 0.204
41 52 0.204
41 53 0.204
41 17 0.4394
41 18 0.4394
41 44 0.6305
41 54 0.03355
41 28 0.3256
41 19 0.5056
41 29 0.2954
41 20 0.5815
41 21 0.7441
41 1 0.5779
41 22 0.7318
41 2 0.7579
41 3 0.7579
37 38 1000
37 42 0.1446
38 42 0.1446
38 43 0.1446
37 43 0.1446
37 6 0.01706
38 6 0.01706
38 7 0.01706
37 7 0.01706
37 39 1000
38 39 1000
38 40 1000
37 40 1000
37 23 0.03765
38 23 0.03765
37 8 0.1106
38 8 0.1106
38 9 0.1106
37 9 0.1106
37 30 0.2998
38 30 0.2998
38 31 0.2998
37 31 0.2998
37 10 0.1171
38 10 0.1171
37 24 0.03851
38 24 0.03851
38 25 0.03851
37 25 0.03851
37 11 0.1288
38 11 0.1288
38 12 0.1288
38 13 0.1288
38 14 0.1288
37 12 0.1288
37 13 0.1288
37 14 0.1288
37 32 1000
38 32 1000
38 33 1000
37 33 1000
37 34 0.09529
38 34 0.09529
38 35 0.09529
37 35 0.09529
37 26 1000
38 26 1000
37 27 0.1312
38 27 0.1312
37 4 0.3147
38 4 0.3147
38 5 0.3147
37 5 0.3147
37 15 0.1406
38 15 0.1406
38 16 0.1406
37 16 0.1406
37 49 0.1638
38 49 0.1638
37 36 0.4401
38 36 0.4401
37 50 1000
38 50 1000
37 17 0.827
38 17 0.827
38 18 0.827
37 18 0.827
37 55 0.06844
38 55 0.06844
37 44 1000
38 44 1000
37 28 0.03059
38 28 0.03059
37 19 0.1429
38 19 0.1429
37 29 1000
38 29 1000
37 20 0.2682
38 20 0.2682
37 21 0.4741
38 21 0.4741
37 1 0.2018
38 1 0.2018
37 22 0.4735
38 22 0.4735
37 2 0.5948
38 2 0.5948
38 3 0.5948
37 3 0.5948
56 41 0.02424
56 37 0.1104
56 38 0.1104
56 42 1000
56 43 1000
56 6 0.1831
56 7 0.1831
56 46 0.1848
56 47 0.1848
56 45 1000
56 59 1000
56 39 0.4204
56 40 0.4204
56 23 0.04545
56 8 0.04502
56 9 0.04502
56 30 0.08442
56 31 0.08442
56 10 0.2195
56 48 0.7293
56 24 0.04416
56 25 0.04416
56 11 0.04978
56 12 0.04978
56 13 0.04978
56 14 0.04978
56 32 0.002933
56 33 0.002933
56 34 0.2372
56 35 0.2372
56 26 0.1462
56 60 0.05776
56 61 0.05776
56 62 0.05776
56 27 0.1775
56 4 0.3351
56 5 0.3351
56 15 0.2216
56 16 0.2216
56 49 1000
56 36 0.3028
56 50 0.2199
56 55 0.1163
56 57 0.8208
56 58 0.8208
56 44 0.2654
56 54 0.3325
56 63 0.504
56 64 0.504
56 28 0.1576
56 19 0.06494
56 20 0.4199
56 21 0.4866
56 1 0.2931
56 22 0.3766
56 2 0.6017
56 3 0.6017
42 43 1000
42 6 0.07516
43 6 0.07516
43 7 0.07516
42 7 0.07516
42 46 0.9735
43 46 0.9735
43 47 0.9735
42 47 0.9735
42 45 1000
43 45 1000
42 59 1.014
43 59 1.014
42 39 0.8314
43 39 0.8314
43 40 0.8314
42 40 0.8314
42 23 0.007843
43 23 0.007843
42 8 0.01699
43 8 0.01699
43 9 0.01699
42 9 0.01699
42 30 0.2447
43 30 0.2447
43 31 0.2447
42 31 0.2447
42 10 0.1281
43 10 0.1281
42 48 0.05752
43 48 0.05752
42 24 0.01569
43 24 0.01569
43 25 0.01569
42 25 0.01569
42 11 0.01569
43 11 0.01569
43 12 0.01569
43 13 0.01569
43 14 0.01569
42 12 0.01569
42 13 0.01569
42 14 0.01569
42 34 0.1922
43 34 0.1922
43 35 0.1922
42 35 0.1922
42 26 0.5719
43 26 0.5719
42 27 0.03856
43 27 0.03856
42 4 0.2085
43 4 0.2085
43 5 0.2085
42 5 0.2085
42 15 0.09673
43 15 0.09673
43 16 0.09673
42 16 0.09673
42 49 0.5596
43 49 0.5596
42 36 0.2896
43 36 0.2896
42 50 0.8503
43 50 0.8503
42 51 0.5746
43 51 0.5746
43 52 0.5746
43 53 0.5746
42 52 0.5746
42 53 0.5746
42 57 1000
43 57 1000
43 58 1000
42 58 1000
42 44 1.014
43 44 1.014
42 54 1.057
43 54 1.057
42 63 0.1308
43 63 0.1308
43 64 0.1308
42 64 0.1308
42 28 0.05359
43 28 0.05359
42 19 0.0183
43 19 0.0183
42 20 0.09412
43 20 0.09412
42 21 0.3752
43 21 0.3752
42 1 0.1451
43 1 0.1451
42 22 0.2758
43 22 0.2758
42 2 0.5039
43 2 0.5039
43 3 0.5039
42 3 0.5039
6 7 1000
6 23 1000
7 23 1000
6 8 1000
7 8 1000
7 9 1000
6 9 1000
6 30 0.243
7 30 0.243
7 31 0.243
6 31 0.243
6 10 0.02615
7 10 0.02615
6 24 0.4267
7 24 0.4267
7 25 0.4267
6 25 0.4267
6 11 0.577
7 11 0.577
7 12 0.577
7 13 0.577
7 14 0.577
6 12 0.577
6 13 0.577
6 14 0.577
6 34 0.06144
7 34 0.06144
7 35 0.06144
6 35 0.06144
6 26 0.4846
7 26 0.4846
6 27 0.1379
7 27 0.1379
6 4 1000
7 4 1000
7 5 1000
6 5 1000
6 15 1000
7 15 1000
7 16 1000
6 16 1000
6 36 0.267
7 36 0.267
6 17 0.1579
7 17 0.1579
7 18 0.1579
6 18 0.1579
6 55 0.07727
7 55 0.07727
6 28 1000
7 28 1000
6 19 0.03261
7 19 0.03261
6 20 1000
7 20 1000
6 21 0.4577
7 21 0.4577
6 1 0.2114
7 1 0.2114
6 22 0.06738
7 22 0.06738
6 2 1000
7 2 1000
7 3 1000
6 3 1000
46 37 0.02254
47 37 0.02254
47 38 0.02254
46 38 0.02254
46 6 0.05915
47 6 0.05915
47 7 0.05915
46 7 0.05915
46 47 1000
46 45 0.3865
47 45 0.3865
46 23 0.007042
47 23 0.007042
46 8 0.007042
47 8 0.007042
47 9 0.007042
46 9 0.007042
46 30 0.2607
47 30 0.2607
47 31 0.2607
46 31 0.2607
46 10 0.1296
47 10 0.1296
46 48 0.001408
47 48 0.001408
46 24 0.02535
47 24 0.02535
47 25 0.02535
46 25 0.02535
46 11 0.02535
47 11 0.02535
47 12 0.02535
47 13 0.02535
47 14 0.02535
46 12 0.02535
46 13 0.02535
46 14 0.02535
46 34 0.02817
47 34 0.02817
47 35 0.02817
46 35 0.02817
46 26 0.04126
47 26 0.04126
46 27 0.01972
47 27 0.01972
46 4 0.1451
47 4 0.1451
47 5 0.1451
46 5 0.1451
46 15 0.06197
47 15 0.06197
47 16 0.06197
46 16 0.06197
46 36 0.04744
47 36 0.04744
46 50 0.2829
47 50 0.2829
46 57 0.5352
47 57 0.5352
47 58 0.5352
46 58 0.5352
46 54 0.9372
47 54 0.9372
46 28 0.03803
47 28 0.03803
46 19 0.0169
47 19 0.0169
46 20 0.08732
47 20 0.08732
46 21 0.2732
47 21 0.2732
46 1 0.1085
47 1 0.1085
46 22 0.1986
47 22 0.1986
46 2 0.3577
47 2 0.3577
47 3 0.3577
46 3 0.3577
45 37 0.3895
45 38 0.3895
45 6 0.1684
45 7 0.1684
45 59 1000
45 39 1000
45 40 1000
45 23 0.04316
45 8 0.08632
45 9 0.08632
45 30 0.3008
45 31 0.3008
45 10 0.2242
45 48 0.1977
45 24 0.04823
45 25 0.04823
45 11 0.08789
45 12 0.08789
45 13 0.08789
45 14 0.08789
45 32 0.02269
45 33 0.02269
45 34 0.3758
45 35 0.3758
45 26 0.6065
45 60 0.03099
45 61 0.03099
45 62 0.03099
45 27 0.1658
45 4 0.3889
45 5 0.3889
45 15 0.2158
45 16 0.2158
45 49 0.9139
45 36 0.3534
45 50 1.086
45 51 0.867
45 52 0.867
45 53 0.867
45 17 0.09248
45 18 0.09248
45 55 0.008947
45 57 1000
45 58 1000
45 44 1000
45 54 0.7846
45 63 0.1366
45 64 0.1366
45 28 0.1458
45 19 0.09737
45 20 0.3258
45 21 0.5505
45 1 0.3153
45 22 0.4863
45 2 0.6891
45 3 0.6891
59 41 0.2368
59 37 0.6101
59 38 0.6101
59 6 0.5526
59 7 0.5526
59 46 0.09345
59 47 0.09345
59 39 1000
59 40 1000
59 23 0.3285
59 8 0.3408
59 9 0.3408
59 30 0.3705
59 31 0.3705
59 10 0.4972
59 48 0.9338
59 24 0.2683
59 25 0.2683
59 11 0.3141
59 12 0.3141
59 13 0.3141
59 14 0.3141
59 32 0.2244
59 33 0.2244
59 34 0.6861
59 35 0.6861
59 26 0.4693
59 60 0.4259
59 61 0.4259
59 62 0.4259
59 27 0.6136
59 4 0.6955
59 5 0.6955
59 15 0.6028
59 16 0.6028
59 49 1000
59 36 1000
59 50 0.4543
59 51 0.2579
59 52 0.2579
59 53 0.2579
59 65 0.3339
59 17 0.1437
59 18 0.1437
59 55 1000
59 57 0.7446
59 58 0.7446
59 44 0.367
59 54 1000
59 63 1000
59 64 1000
59 28 0.4736
59 19 0.3484
59 29 0.04156
59 20 0.7164
59 21 0.7441
59 1 0.662
59 22 0.7169
59 2 1000
59 3 1000
39 6 0.3994
40 6 0.3994
40 7 0.3994
39 7 0.3994
39 46 0.1731
40 46 0.1731
40 47 0.1731
39 47 0.1731
39 40 1000
39 23 0.2747
40 23 0.2747
39 8 0.3595
40 8 0.3595
40 9 0.3595
39 9 0.3595
39 30 0.3492
40 30 0.3492
40 31 0.3492
39 31 0.3492
39 10 0.4405
40 10 0.4405
39 48 0.3098
40 48 0.3098
39 24 0.2734
40 24 0.2734
40 25 0.2734
39 25 0.2734
39 11 0.3573
40 11 0.3573
40 12 0.3573
40 13 0.3573
40 14 0.3573
39 12 0.3573
39 13 0.3573
39 14 0.3573
39 32 0.4677
40 32 0.4677
40 33 0.4677
39 33 0.4677
39 34 0.4937
40 34 0.4937
40 35 0.4937
39 35 0.4937
39 26 1000
40 26 1000
39 60 0.556
40 60 0.556
40 61 0.556
40 62 0.556
39 61 0.556
39 62 0.556
39 27 0.5937
40 27 0.5937
39 4 0.5984
40 4 0.5984
40 5 0.5984
39 5 0.5984
39 15 0.4801
40 15 0.4801
40 16 0.4801
39 16 0.4801
39 49 0.5996
40 49 0.5996
39 36 1000
40 36 1000
39 50 1000
40 50 1000
39 51 1000
40 51 1000
40 52 1000
40 53 1000
39 52 1000
39 53 1000
39 65 1.201
40 65 1.201
39 17 0.5863
40 17 0.5863
40 18 0.5863
39 18 0.5863
39 55 0.1428
40 55 0.1428
39 57 0.8909
40 57 0.8909
40 58 0.8909
39 58 0.8909
39 44 1000
40 44 1000
39 54 0.4019
40 54 0.4019
39 63 0.5258
40 63 0.5258
40 64 0.5258
39 64 0.5258
39 28 0.3601
40 28 0.3601
39 19 0.3373
40 19 0.3373
39 29 0.7796
40 29 0.7796
39 20 0.6101
40 20 0.6101
39 21 0.656
40 21 0.656
39 1 0.5551
40 1 0.5551
39 22 0.5997
40 22 0.5997
39 2 0.7373
40 2 0.7373
40 3 0.7373
39 3 0.7373
23 8 1000
23 9 1000
23 10 0.0552
23 24 0.8125
23 25 0.8125
23 11 1000
23 12 1000
23 13 1000
23 14 1000
23 34 0.1047
23 35 0.1047
23 27 0.0349
23 4 0.5867
23 5 0.5867
23 15 0.4752
23 16 0.4752
23 28 0.1931
23 20 0.3944
23 21 0.2197
23 1 0.03624
23 22 0.04645
23 2 1000
23 3 1000
8 9 1000
8 10 0.01404
9 10 0.01404
8 24 0.5902
9 24 0.5902
9 25 0.5902
8 25 0.5902
8 11 1000
9 11 1000
9 12 1000
9 13 1000
9 14 1000
8 12 1000
8 13 1000
8 14 1000
8 34 1000
9 34 1000
9 35 1000
8 35 1000
8 26 0.4622
9 26 0.4622
8 27 0.04083
9 27 0.04083
8 4 1000
9 4 1000
9 5 1000
8 5 1000
8 15 0.5227
9 15 0.5227
9 16 0.5227
8 16 0.5227
8 17 0.195
9 17 0.195
9 18 0.195
8 18 0.195
8 28 0.06382
9 28 0.06382
8 19 0.1232
9 19 0.1232
8 20 1000
9 20 1000
8 21 1000
9 21 1000
8 1 0.1848
9 1 0.1848
8 22 0.3825
9 22 0.3825
8 2 1000
9 2 1000
9 3 1000
8 3 1000
30 23 0.3175
31 23 0.3175
30 8 0.3769
31 8 0.3769
31 9 0.3769
30 9 0.3769
30 31 1000
30 10 0.3441
31 10 0.3441
30 48 0.002351
31 48 0.002351
30 24 0.4315
31 24 0.4315
31 25 0.4315
30 25 0.4315
30 11 0.5161
31 11 0.5161
31 12 0.5161
31 13 0.5161
31 14 0.5161
30 12 0.5161
30 13 0.5161
30 14 0.5161
30 34 0.2441
31 34 0.2441
31 35 0.2441
30 35 0.2441
30 26 0.4162
31 26 0.4162
30 27 0.1811
31 27 0.1811
30 4 0.4035
31 4 0.4035
31 5 0.4035
30 5 0.4035
30 15 0.2108
31 15 0.2108
31 16 0.2108
30 16 0.2108
30 36 0.2569
31 36 0.2569
30 50 0.5504
31 50 0.5504
30 51 0.2057
31 51 0.2057
31 52 0.2057
31 53 0.2057
30 52 0.2057
30 53 0.2057
30 17 0.1821
31 17 0.1821
31 18 0.1821
30 18 0.1821
30 44 0.4912
31 44 0.4912
30 54 0.2342
31 54 0.2342
30 28 0.2652
31 28 0.2652
30 19 0.4091
31 19 0.4091
30 20 0.265
31 20 0.265
30 21 0.6538
31 21 0.6538
30 1 0.3371
31 1 0.3371
30 22 0.5818
31 22 0.5818
30 2 0.6213
31 2 0.6213
31 3 0.6213
30 3 0.6213
10 24 0.1959
10 25 0.1959
10 11 0.1303
10 12 0.1303
10 13 0.1303
10 14 0.1303
10 34 0.006211
10 35 0.006211
10 27 0.004348
10 4 0.006211
10 5 0.006211
10 15 0.01311
10 16 0.01311
10 28 1000
10 19 0.006211
10 20 0.0097
10 21 0.01668
10 1 0.003106
10 22 0.01985
10 2 0.1127
10 3 0.1127
48 37 0.01429
48 38 0.01429
48 6 0.06476
48 7 0.06476
48 23 0.0009524
48 8 0.0009524
48 9 0.0009524
48 10 0.0381
48 24 0.0009524
48 25 0.0009524
48 11 0.0009524
48 12 0.0009524
48 13 0.0009524
48 14 0.0009524
48 34 0.1
48 35 0.1
48 27 0.02952
48 4 0.159
48 5 0.159
48 15 0.08286
48 16 0.08286
48 49 1000
48 55 0.03773
48 57 0.04178
48 58 0.04178
48 54 0.01429
48 63 1000
48 64 1000
48 28 0.04095
48 19 0.002857
48 20 0.2276
48 21 0.2257
48 1 0.1486
48 22 0.1524
48 2 0.3724
48 3 0.3724
24 25 1000
24 11 1000
25 11 1000
25 12 1000
25 13 1000
25 14 1000
24 12 1000
24 13 1000
24 14 1000
24 34 0.3164
25 34 0.3164
25 35 0.3164
24 35 0.3164
24 26 0.2959
25 26 0.2959
24 27 0.08621
25 27 0.08621
24 4 0.4655
25 4 0.4655
25 5 0.4655
24 5 0.4655
24 15 0.4055
25 15 0.4055
25 16 0.4055
24 16 0.4055
24 17 0.06107
25 17 0.06107
25 18 0.06107
24 18 0.06107
24 28 0.3342
25 28 0.3342
24 19 0.02016
25 19 0.02016
24 20 0.3905
25 20 0.3905
24 21 1000
25 21 1000
24 1 0.1905
25 1 0.1905
24 22 0.09052
25 22 0.09052
24 2 0.7486
25 2 0.7486
25 3 0.7486
24 3 0.7486
12 13 1000
12 14 1000
13 14 1000
11 12 1000
11 13 1000
11 14 1000
11 34 0.1676
12 34 0.1676
13 34 0.1676
14 34 0.1676
12 35 0.1676
13 35 0.1676
14 35 0.1676
11 35 0.1676
11 27 0.01676
12 27 0.01676
13 27 0.01676
14 27 0.01676
11 4 0.5579
12 4 0.5579
13 4 0.5579
14 4 0.5579
12 5 0.5579
13 5 0.5579
14 5 0.5579
11 5 0.5579
11 15 0.419
12 15 0.419
13 15 0.419
14 15 0.419
12 16 0.419
13 16 0.419
14 16 0.419
11 16 0.419
11 17 0.1811
12 17 0.1811
13 17 0.1811
14 17 0.1811
12 18 0.1811
13 18 0.1811
14 18 0.1811
11 18 0.1811
11 28 0.09353
12 28 0.09353
13 28 0.09353
14 28 0.09353
11 19 0.2186
12 19 0.2186
13 19 0.2186
14 19 0.2186
11 20 0.5272
12 20 0.5272
13 20 0.5272
14 20 0.5272
11 21 1000
12 21 1000
13 21 1000
14 21 1000
11 1 0.1906
12 1 0.1906
13 1 0.1906
14 1 0.1906
11 22 0.548
12 22 0.548
13 22 0.548
14 22 0.548
11 2 1000
12 2 1000
13 2 1000
14 2 1000
12 3 1000
13 3 1000
14 3 1000
11 3 1000
32 42 0.05714
33 42 0.05714
33 43 0.05714
32 43 0.05714
32 6 0.1861
33 6 0.1861
33 7 0.1861
32 7 0.1861
32 46 0.001786
33 46 0.001786
33 47 0.001786
32 47 0.001786
32 23 0.08357
33 23 0.08357
32 8 0.2568
33 8 0.2568
33 9 0.2568
32 9 0.2568
32 30 0.03
33 30 0.03
33 31 0.03
32 31 0.03
32 10 0.1811
33 10 0.1811
32 48 0.004286
33 48 0.004286
32 24 0.06607
33 24 0.06607
33 25 0.06607
32 25 0.06607
32 11 0.2136
33 11 0.2136
33 12 0.2136
33 13 0.2136
33 14 0.2136
32 12 0.2136
32 13 0.2136
32 14 0.2136
32 33 1000
32 34 0.2018
33 34 0.2018
33 35 0.2018
32 35 0.2018
32 26 1000
33 26 1000
32 27 0.2171
33 27 0.2171
32 4 0.4275
33 4 0.4275
33 5 0.4275
32 5 0.4275
32 15 0.2532
33 15 0.2532
33 16 0.2532
32 16 0.2532
32 49 0.01029
33 49 0.01029
32 36 0.3338
33 36 0.3338
32 50 0.2659
33 50 0.2659
32 51 0.3112
33 51 0.3112
33 52 0.3112
33 53 0.3112
32 52 0.3112
32 53 0.3112
32 65 0.5055
33 65 0.5055
32 17 1000
33 17 1000
33 18 1000
32 18 1000
32 55 0.02074
33 55 0.02074
32 57 0.0025
33 57 0.0025
33 58 0.0025
32 58 0.0025
32 44 0.1151
33 44 0.1151
32 54 0.001786
33 54 0.001786
32 63 0.04904
33 63 0.04904
33 64 0.04904
32 64 0.04904
32 28 0.07071
33 28 0.07071
32 19 0.2832
33 19 0.2832
32 29 1000
33 29 1000
32 20 0.3096
33 20 0.3096
32 21 0.5289
33 21 0.5289
32 1 0.4221
33 1 0.4221
32 22 0.5311
33 22 0.5311
32 2 0.6521
33 2 0.6521
33 3 0.6521
32 3 0.6521
34 35 1000
34 27 0.3319
35 27 0.3319
34 4 1000
35 4 1000
35 5 1000
34 5 1000
34 15 0.004965
35 15 0.004965
35 16 0.004965
34 16 0.004965
34 20 0.03531
35 20 0.03531
34 1 1000
35 1 1000
34 2 1000
35 2 1000
35 3 1000
34 3 1000
26 23 0.3255
26 10 0.4571
26 48 0.1698
26 11 0.4232
26 12 0.4232
26 13 0.4232
26 14 0.4232
26 34 0.6033
26 35 0.6033
26 60 1000
26 61 1000
26 62 1000
26 27 0.6494
26 4 0.659
26 5 0.659
26 15 0.5512
26 16 0.5512
26 49 0.3846
26 36 1000
26 50 0.9925
26 51 1000
26 52 1000
26 53 1000
26 65 1000
26 17 1000
26 18 1000
26 55 0.1308
26 57 0.2677
26 58 0.2677
26 44 0.8153
26 54 0.1033
26 63 0.3945
26 64 0.3945
26 28 0.3773
26 19 0.4747
26 29 1000
26 20 0.67
26 21 0.6792
26 1 0.6518
26 22 0.6562
26 2 0.7937
26 3 0.7937
60 41 0.03839
61 41 0.03839
62 41 0.03839
60 37 0.165
61 37 0.165
62 37 0.165
61 38 0.165
62 38 0.165
60 38 0.165
60 42 0.07492
61 42 0.07492
62 42 0.07492
61 43 0.07492
62 43 0.07492
60 43 0.07492
60 6 0.1164
61 6 0.1164
62 6 0.1164
61 7 0.1164
62 7 0.1164
60 7 0.1164
60 46 0.01889
61 46 0.01889
62 46 0.01889
61 47 0.01889
62 47 0.01889
60 47 0.01889
60 23 0.04985
61 23 0.04985
62 23 0.04985
60 8 0.08452
61 8 0.08452
62 8 0.08452
61 9 0.08452
62 9 0.08452
60 9 0.08452
60 30 0.0418
61 30 0.0418
62 30 0.0418
61 31 0.0418
62 31 0.0418
60 31 0.0418
60 10 0.06687
61 10 0.06687
62 10 0.06687
60 48 0.02508
61 48 0.02508
62 48 0.02508
60 24 0.03994
61 24 0.03994
62 24 0.03994
61 25 0.03994
62 25 0.03994
60 25 0.03994
60 11 0.06409
61 11 0.06409
62 11 0.06409
61 12 0.06409
61 13 0.06409
61 14 0.06409
62 12 0.06409
62 13 0.06409
62 14 0.06409
60 12 0.06409
60 13 0.06409
60 14 0.06409
60 32 0.08514
61 32 0.08514
62 32 0.08514
61 33 0.08514
62 33 0.08514
60 33 0.08514
60 34 0.256
61 34 0.256
62 34 0.256
61 35 0.256
62 35 0.256
60 35 0.256
61 62 1000
60 61 1000
60 62 1000
60 27 0.1632
61 27 0.1632
62 27 0.1632
60 4 0.3217
61 4 0.3217
62 4 0.3217
61 5 0.3217
62 5 0.3217
60 5 0.3217
60 15 0.08854
61 15 0.08854
62 15 0.08854
61 16 0.08854
62 16 0.08854
60 16 0.08854
60 49 0.06847
61 49 0.06847
62 49 0.06847
60 36 1000
61 36 1000
62 36 1000
60 50 0.1871
61 50 0.1871
62 50 0.1871
60 65 0.5672
61 65 0.5672
62 65 0.5672
60 17 0.04405
61 17 0.04405
62 17 0.04405
61 18 0.04405
62 18 0.04405
60 18 0.04405
60 55 0.5088
61 55 0.5088
62 55 0.5088
60 57 0.04365
61 57 0.04365
62 57 0.04365
61 58 0.04365
62 58 0.04365
60 58 0.04365
60 44 0.1171
61 44 0.1171
62 44 0.1171
60 54 0.03777
61 54 0.03777
62 54 0.03777
60 63 0.4648
61 63 0.4648
62 63 0.4648
61 64 0.4648
62 64 0.4648
60 64 0.4648
60 28 0.06687
61 28 0.06687
62 28 0.06687
60 19 0.06997
61 19 0.06997
62 19 0.06997
60 29 0.1075
61 29 0.1075
62 29 0.1075
60 20 0.2703
61 20 0.2703
62 20 0.2703
60 21 0.3034
61 21 0.3034
62 21 0.3034
60 1 0.3077
61 1 0.3077
62 1 0.3077
60 22 0.2313
61 22 0.2313
62 22 0.2313
60 2 0.57
61 2 0.57
62 2 0.57
61 3 0.57
62 3 0.57
60 3 0.57
27 15 0.2431
27 16 0.2431
27 1 1.032
4 27 0.01224
5 27 0.01224
4 5 1000
4 15 0.921
5 15 0.921
5 16 0.921
4 16 0.921
4 20 1000
5 20 1000
4 2 1000
5 2 1000
5 3 1000
4 3 1000
15 16 1000
15 17 0.2694
16 17 0.2694
16 18 0.2694
15 18 0.2694
15 28 0.2842
16 28 0.2842
15 19 0.009606
16 19 0.009606
15 20 1000
16 20 1000
15 21 0.4812
16 21 0.4812
15 1 0.3061
16 1 0.3061
15 22 0.02957
16 22 0.02957
15 2 1000
16 2 1000
16 3 1000
15 3 1000
49 6 0.3374
49 7 0.3374
49 46 0.02
49 47 0.02
49 23 0.06794
49 8 0.06794
49 9 0.06794
49 30 0.09882
49 31 0.09882
49 10 0.3191
49 24 0.04412
49 25 0.04412
49 11 0.05059
49 12 0.05059
49 13 0.05059
49 14 0.05059
49 34 0.4632
49 35 0.4632
49 27 0.4038
49 4 0.5112
49 5 0.5112
49 15 0.4068
49 16 0.4068
49 36 0.2799
49 50 0.3507
49 55 0.1245
49 57 0.5378
49 58 0.5378
49 44 0.2823
49 54 0.2568
49 63 1000
49 64 1000
49 28 0.2715
49 19 0.08588
49 20 0.5947
49 21 0.6126
49 1 0.4612
49 22 0.5271
49 2 0.7253
49 3 0.7253
36 23 0.1094
36 8 0.1646
36 9 0.1646
36 10 0.1514
36 48 0.06083
36 24 0.07797
36 25 0.07797
36 11 0.1416
36 12 0.1416
36 13 0.1416
36 14 0.1416
36 34 0.3831
36 35 0.3831
36 27 0.4992
36 4 0.4753
36 5 0.4753
36 15 0.3561
36 16 0.3561
36 50 0.6231
36 51 0.5183
36 52 0.5183
36 53 0.5183
36 65 0.7511
36 17 0.168
36 18 0.168
36 55 1000
36 57 0.3095
36 58 0.3095
36 44 0.4953
36 54 0.1414
36 63 0.5916
36 64 0.5916
36 28 0.1697
36 19 0.1322
36 29 0.2898
36 20 0.4795
36 21 0.4736
36 1 0.4552
36 22 0.3855
36 2 0.6567
36 3 0.6567
50 6 0.3146
50 7 0.3146
50 23 0.2323
50 8 0.311
50 9 0.311
50 10 0.3677
50 48 0.2189
50 24 0.2476
50 25 0.2476
50 11 0.3287
50 12 0.3287
50 13 0.3287
50 14 0.3287
50 34 0.3768
50 35 0.3768
50 27 0.3841
50 4 0.5037
50 5 0.5037
50 15 0.3348
50 16 0.3348
50 51 0.8986
50 52 0.8986
50 53 0.8986
50 65 0.5981
50 17 0.4106
50 18 0.4106
50 55 0.02756
50 57 0.8471
50 58 0.8471
50 44 1000
50 54 0.9794
50 63 0.1985
50 64 0.1985
50 28 0.289
50 19 0.303
50 29 0.6335
50 20 0.4439
50 21 0.6226
50 1 0.4305
50 22 0.5939
50 2 0.6793
50 3 0.6793
51 37 0.6076
52 37 0.6076
53 37 0.6076
52 38 0.6076
53 38 0.6076
51 38 0.6076
51 56 0.06087
52 56 0.06087
53 56 0.06087
51 6 0.3087
52 6 0.3087
53 6 0.3087
52 7 0.3087
53 7 0.3087
51 7 0.3087
51 46 0.02174
52 46 0.02174
53 46 0.02174
52 47 0.02174
53 47 0.02174
51 47 0.02174
51 23 0.1707
52 23 0.1707
53 23 0.1707
51 8 0.2587
52 8 0.2587
53 8 0.2587
52 9 0.2587
53 9 0.2587
51 9 0.2587
51 10 0.3174
52 10 0.3174
53 10 0.3174
51 48 0.2
52 48 0.2
53 48 0.2
51 24 0.1598
52 24 0.1598
53 24 0.1598
52 25 0.1598
53 25 0.1598
51 25 0.1598
51 11 0.2543
52 11 0.2543
53 11 0.2543
52 12 0.2543
52 13 0.2543
52 14 0.2543
53 12 0.2543
53 13 0.2543
53 14 0.2543
51 12 0.2543
51 13 0.2543
51 14 0.2543
51 34 0.3098
52 34 0.3098
53 34 0.3098
52 35 0.3098
53 35 0.3098
51 35 0.3098
51 60 0.2522
52 60 0.2522
53 60 0.2522
52 61 0.2522
52 62 0.2522
53 61 0.2522
53 62 0.2522
51 61 0.2522
51 62 0.2522
51 27 0.4826
52 27 0.4826
53 27 0.4826
51 4 0.4641
52 4 0.4641
53 4 0.4641
52 5 0.4641
53 5 0.4641
51 5 0.4641
51 15 0.288
52 15 0.288
53 15 0.288
52 16 0.288
53 16 0.288
51 16 0.288
51 49 0.3761
52 49 0.3761
53 49 0.3761
52 53 1000
51 52 1000
51 53 1000
51 65 1000
52 65 1000
53 65 1000
51 17 0.4783
52 17 0.4783
53 17 0.4783
52 18 0.4783
53 18 0.4783
51 18 0.4783
51 55 0.05217
52 55 0.05217
53 55 0.05217
51 57 0.4494
52 57 0.4494
53 57 0.4494
52 58 0.4494
53 58 0.4494
51 58 0.4494
51 44 0.8419
52 44 0.8419
53 44 0.8419
51 54 0.1326
52 54 0.1326
53 54 0.1326
51 63 0.2587
52 63 0.2587
53 63 0.2587
52 64 0.2587
53 64 0.2587
51 64 0.2587
51 28 0.2239
52 28 0.2239
53 28 0.2239
51 19 0.2141
52 19 0.2141
53 19 0.2141
51 29 0.5543
52 29 0.5543
53 29 0.5543
51 20 0.4804
52 20 0.4804
53 20 0.4804
51 21 0.5446
52 21 0.5446
53 21 0.5446
51 1 0.4196
52 1 0.4196
53 1 0.4196
51 22 0.4783
52 22 0.4783
53 22 0.4783
51 2 0.6435
52 2 0.6435
53 2 0.6435
52 3 0.6435
53 3 0.6435
51 3 0.6435
65 41 0.279
65 37 0.6815
65 38 0.6815
65 56 0.121
65 42 0.5519
65 43 0.5519
65 6 0.4395
65 7 0.4395
65 46 0.03086
65 47 0.03086
65 45 0.3778
65 23 0.2988
65 8 0.3877
65 9 0.3877
65 30 0.2864
65 31 0.2864
65 10 0.4185
65 48 0.1877
65 24 0.2802
65 25 0.2802
65 11 0.3395
65 12 0.3395
65 13 0.3395
65 14 0.3395
65 34 0.4568
65 35 0.4568
65 27 0.6148
65 4 0.5938
65 5 0.5938
65 15 0.4395
65 16 0.4395
65 49 0.3765
65 17 0.5974
65 18 0.5974
65 55 0.04074
65 57 0.2914
65 58 0.2914
65 44 0.4682
65 54 0.1272
65 63 0.3741
65 64 0.3741
65 28 0.3531
65 19 0.4049
65 29 0.7508
65 20 0.6123
65 21 0.6407
65 1 0.5778
65 22 0.5988
65 2 0.7062
65 3 0.7062
17 56 0.000885
18 56 0.000885
17 42 0.07027
18 42 0.07027
18 43 0.07027
17 43 0.07027
17 46 0.000531
18 46 0.000531
18 47 0.000531
17 47 0.000531
17 23 0.07062
18 23 0.07062
17 10 0.1634
18 10 0.1634
17 48 0.002478
18 48 0.002478
17 34 0.1759
18 34 0.1759
18 35 0.1759
17 35 0.1759
17 27 0.2069
18 27 0.2069
17 4 0.3908
18 4 0.3908
18 5 0.3908
17 5 0.3908
17 49 0.03274
18 49 0.03274
17 18 1000
17 55 0.003773
18 55 0.003773
17 57 0.02217
18 57 0.02217
18 58 0.02217
17 58 0.02217
17 44 0.2869
18 44 0.2869
17 54 0.000531
18 54 0.000531
17 63 0.02894
18 63 0.02894
18 64 0.02894
17 64 0.02894
17 28 0.06889
18 28 0.06889
17 19 0.2352
18 19 0.2352
17 29 1000
18 29 1000
17 20 0.3335
18 20 0.3335
17 21 0.484
18 21 0.484
17 1 0.406
18 1 0.406
17 22 0.4756
18 22 0.4756
17 2 0.7002
18 2 0.7002
18 3 0.7002
17 3 0.7002
55 41 0.01444
55 42 0.04523
55 43 0.04523
55 46 0.002725
55 47 0.002725
55 23 0.02289
55 8 0.02289
55 9 0.02289
55 30 0.03352
55 31 0.03352
55 10 0.02016
55 24 0.01008
55 25 0.01008
55 11 0.01008
55 12 0.01008
55 13 0.01008
55 14 0.01008
55 34 0.1055
55 35 0.1055
55 27 0.1243
55 4 0.1213
55 5 0.1213
55 15 0.1003
55 16 0.1003
55 57 0.03488
55 58 0.03488
55 44 0.01335
55 54 0.03243
55 63 1000
55 64 1000
55 28 0.04366
55 19 0.01362
55 20 0.1289
55 21 0.1087
55 1 0.1166
55 22 0.07929
55 2 0.21
55 3 0.21
57 41 0.02326
58 41 0.02326
57 37 0.1337
58 37 0.1337
58 38 0.1337
57 38 0.1337
57 6 0.0407
58 6 0.0407
58 7 0.0407
57 7 0.0407
57 23 0.001163
58 23 0.001163
57 8 0.01279
58 8 0.01279
58 9 0.01279
57 9 0.01279
57 30 0.06512
58 30 0.06512
58 31 0.06512
57 31 0.06512
57 10 0.0593
58 10 0.0593
57 24 0.001163
58 24 0.001163
58 25 0.001163
57 25 0.001163
57 11 0.01395
58 11 0.01395
58 12 0.01395
58 13 0.01395
58 14 0.01395
57 12 0.01395
57 13 0.01395
57 14 0.01395
57 34 0.1081
58 34 0.1081
58 35 0.1081
57 35 0.1081
57 27 0.0186
58 27 0.0186
57 4 0.143
58 4 0.143
58 5 0.143
57 5 0.143
57 15 0.04302
58 15 0.04302
58 16 0.04302
57 16 0.04302
57 58 1000
57 44 1000
58 44 1000
57 54 0.9542
58 54 0.9542
57 28 0.0186
58 28 0.0186
57 19 0.01395
58 19 0.01395
57 20 0.08605
58 20 0.08605
57 21 0.3302
58 21 0.3302
57 1 0.08256
58 1 0.08256
57 22 0.236
58 22 0.236
57 2 0.4849
58 2 0.4849
58 3 0.4849
57 3 0.4849
44 6 0.212
44 7 0.212
44 46 0.2141
44 47 0.2141
44 23 0.09437
44 8 0.1838
44 9 0.1838
44 10 0.2958
44 48 0.1606
44 24 0.1275
44 25 0.1275
44 11 0.2204
44 12 0.2204
44 13 0.2204
44 14 0.2204
44 34 0.2993
44 35 0.2993
44 27 0.2556
44 4 0.4134
44 5 0.4134
44 15 0.2373
44 16 0.2373
44 54 1.255
44 63 0.09209
44 64 0.09209
44 28 0.2106
44 19 0.1901
44 29 0.2718
44 20 0.3444
44 21 0.507
44 1 0.3324
44 22 0.4887
44 2 0.6324
44 3 0.6324
54 37 0.04444
54 38 0.04444
54 6 0.03333
54 7 0.03333
54 23 0.003175
54 8 0.006349
54 9 0.006349
54 10 0.1016
54 24 0.01587
54 25 0.01587
54 11 0.01746
54 12 0.01746
54 13 0.01746
54 14 0.01746
54 34 0.03175
54 35 0.03175
54 27 0.001587
54 4 0.1302
54 5 0.1302
54 15 0.03175
54 16 0.03175
54 28 0.02857
54 19 0.006349
54 20 0.02222
54 21 0.319
54 1 0.06825
54 22 0.2413
54 2 0.4365
54 3 0.4365
63 41 0.05945
64 41 0.05945
63 37 0.1857
64 37 0.1857
64 38 0.1857
63 38 0.1857
63 6 0.2215
64 6 0.2215
64 7 0.2215
63 7 0.2215
63 46 0.01465
64 46 0.01465
64 47 0.01465
63 47 0.01465
63 23 0.08467
64 23 0.08467
63 8 0.09012
64 8 0.09012
64 9 0.09012
63 9 0.09012
63 30 0.1233
64 30 0.1233
64 31 0.1233
63 31 0.1233
63 10 0.1496
64 10 0.1496
63 24 0.06695
64 24 0.06695
64 25 0.06695
63 25 0.06695
63 11 0.06968
64 11 0.06968
64 12 0.06968
64 13 0.06968
64 14 0.06968
63 12 0.06968
63 13 0.06968
63 14 0.06968
63 34 0.3085
64 34 0.3085
64 35 0.3085
63 35 0.3085
63 27 0.2874
64 27 0.2874
63 4 0.3066
64 4 0.3066
64 5 0.3066
63 5 0.3066
63 15 0.2675
64 15 0.2675
64 16 0.2675
63 16 0.2675
63 57 0.1744
64 57 0.1744
64 58 0.1744
63 58 0.1744
63 54 1000
64 54 1000
63 64 1000
63 28 0.1767
64 28 0.1767
63 19 0.09029
64 19 0.09029
63 29 0.06577
64 29 0.06577
63 20 0.3409
64 20 0.3409
63 21 0.3254
64 21 0.3254
63 1 0.2891
64 1 0.2891
63 22 0.2797
64 22 0.2797
63 2 0.4162
64 2 0.4162
64 3 0.4162
63 3 0.4162
28 34 0.08158
28 35 0.08158
28 27 0.04934
28 4 0.2022
28 5 0.2022
28 19 0.003728
28 20 1000
28 21 0.07428
28 1 0.08991
28 22 0.00636
28 2 1000
28 3 1000
19 23 0.02738
19 34 0.005952
19 35 0.005952
19 27 0.002381
19 4 0.144
19 5 0.144
19 20 0.005925
19 21 1000
19 1 0.07143
19 22 1000
19 2 0.3719
19 3 0.3719
29 56 0.006545
29 42 0.3207
29 43 0.3207
29 6 0.1858
29 7 0.1858
29 46 0.006545
29 47 0.006545
29 45 0.09891
29 23 0.1345
29 8 0.268
29 9 0.268
29 30 0.1382
29 31 0.1382
29 10 0.3058
29 48 0.06909
29 24 0.09855
29 25 0.09855
29 11 0.2855
29 12 0.2855
29 13 0.2855
29 14 0.2855
29 34 0.3727
29 35 0.3727
29 27 0.3815
29 4 0.5116
29 5 0.5116
29 15 0.3644
29 16 0.3644
29 49 0.1418
29 55 0.01455
29 57 0.02291
29 58 0.02291
29 54 0.01745
29 28 0.1495
29 19 0.3276
29 20 0.4996
29 21 0.6167
29 1 0.4673
29 22 0.6073
29 2 0.7185
29 3 0.7185
20 27 0.02442
20 21 1000
20 1 0.04186
20 22 0.07829
20 2 1000
20 3 1000
21 34 1000
21 35 1000
21 27 0.1267
21 4 1000
21 5 1000
21 1 0.4482
21 22 1000
21 2 1000
21 3 1000
1 4 0.006329
1 5 0.006329
1 2 0.6356
1 3 0.6356
22 34 0.1879
22 35 0.1879
22 27 0.01667
22 4 0.3856
22 5 0.3856
22 1 0.1212
22 2 0.6896
22 3 0.6896
2 27 0.329
3 27 0.329
2 3 1000
