93 4278 50
7 8 0.3919
7 9 0.3306
7 10 0.3306
7 11 0.5165
7 60 0.5238
7 61 0.6526
7 12 1000
7 62 1000
7 63 0.5632
7 64 0.4941
7 13 0.4909
7 14 0.4909
7 15 0.1039
7 16 0.4321
7 17 0.09064
7 65 0.4829
7 6 0.4804
7 66 0.82
7 67 0.4069
7 68 0.4069
7 45 0.6075
7 46 0.6075
7 69 0.1132
7 18 0.1132
7 19 0.1132
7 20 0.1132
7 21 0.1132
7 22 0.3693
7 70 0.3284
7 50 0.1132
7 51 0.1132
7 52 0.1132
7 71 0.1308
7 72 0.1132
7 73 0.3256
7 53 0.1132
7 74 0.1132
7 23 0.2643
7 75 0.09434
7 54 0.09434
7 24 0.1132
7 4 1000
7 55 0.1
7 76 0.2132
7 56 0.1806
7 77 0.2739
7 78 0.2739
7 41 0.1132
7 42 0.148
7 79 0.357
7 25 0.1268
7 80 0.142
7 81 0.142
7 26 0.1132
7 43 0.1834
7 47 0.1893
7 27 0.09623
7 82 0.2356
7 83 0.2535
7 84 0.2535
7 39 0.2825
7 28 0.3945
7 29 0.3945
7 85 0.1141
7 30 0.1132
7 31 0.1132
7 59 0.1254
7 86 0.1973
7 87 0.2256
7 32 0.1183
7 44 0.1275
7 33 0.1132
7 88 0.1057
7 89 0.1132
7 34 0.1132
7 35 0.1132
7 57 0.1057
7 58 0.1132
7 90 0.1132
7 91 0.2476
7 48 0.5767
7 49 0.5767
7 36 0.1351
7 37 0.1351
7 92 1000
7 40 0.3125
7 5 0.172
7 93 0.366
7 38 0.07646
7 1 0.07532
7 2 0.07532
8 9 0.3168
8 10 0.3168
8 11 0.3962
8 60 0.2216
8 61 0.5897
8 12 0.2531
8 62 0.9089
8 63 0.5147
8 13 0.583
8 14 0.583
8 15 0.2155
8 16 0.5397
8 17 0.1671
8 65 0.5271
8 6 0.4863
8 66 0.785
8 67 0.4033
8 68 0.4033
8 45 0.5719
8 46 0.5719
8 69 0.1429
8 18 0.1429
8 19 0.1429
8 20 0.1429
8 21 0.1429
8 22 0.3672
8 70 0.316
8 50 0.1429
8 51 0.1429
8 52 0.1429
8 71 0.1604
8 72 0.1429
8 73 0.3491
8 53 0.1429
8 74 0.1429
8 75 0.1429
8 54 0.1286
8 24 0.1429
8 4 0.4497
8 55 0.1429
8 76 0.2215
8 56 0.1381
8 77 0.282
8 78 0.282
8 41 0.1537
8 42 0.1772
8 79 0.3488
8 25 0.1658
8 80 0.1716
8 81 0.1716
8 26 0.1429
8 43 0.1946
8 47 0.1811
8 27 0.1429
8 82 0.1325
8 39 0.2752
8 85 0.1441
8 30 0.1429
8 31 0.1429
8 59 0.1998
8 86 0.2308
8 87 0.2593
8 32 0.148
8 44 0.1629
8 33 0.1429
8 88 0.1429
8 89 0.1429
8 34 0.1429
8 35 0.1429
8 57 0.1429
8 58 0.1429
8 90 0.1429
8 91 0.275
8 48 1000
8 49 1000
8 36 0.1721
8 37 0.1721
8 92 0.3808
8 40 0.2996
8 93 0.3686
8 38 0.0406
9 10 1000
9 11 1000
10 11 1000
9 60 0.3909
10 60 0.3909
9 61 0.6228
10 61 0.6228
9 12 0.2508
10 12 0.2508
9 62 0.9781
10 62 0.9781
9 63 0.5439
10 63 0.5439
9 64 0.3466
10 64 0.3466
9 13 0.8064
10 13 0.8064
10 14 0.8064
9 14 0.8064
9 15 0.216
10 15 0.216
9 16 0.6132
10 16 0.6132
9 17 0.1664
10 17 0.1664
9 65 0.5587
10 65 0.5587
9 6 0.6384
10 6 0.6384
9 66 0.8207
10 66 0.8207
9 67 1000
10 67 1000
10 68 1000
9 68 1000
9 45 0.6494
10 45 0.6494
10 46 0.6494
9 46 0.6494
9 3 0.6946
10 3 0.6946
9 69 0.1543
10 69 0.1543
9 18 0.1565
10 18 0.1565
9 19 0.1739
10 19 0.1739
9 20 0.137
10 20 0.137
10 21 0.137
9 21 0.137
9 22 1000
10 22 1000
9 70 0.2454
10 70 0.2454
9 50 0.1261
10 50 0.1261
10 51 0.1261
9 51 0.1261
9 52 0.113
10 52 0.113
9 71 0.08711
10 71 0.08711
9 72 0.1391
10 72 0.1391
9 73 0.278
10 73 0.278
9 53 0.1109
10 53 0.1109
9 74 0.1
10 74 0.1
9 23 0.4062
10 23 0.4062
9 75 0.1217
10 75 0.1217
9 54 0.1174
10 54 0.1174
9 24 0.1413
10 24 0.1413
9 4 0.3864
10 4 0.3864
9 55 0.0913
10 55 0.0913
9 76 0.1693
10 76 0.1693
9 56 0.08037
10 56 0.08037
9 77 0.1587
10 77 0.1587
10 78 0.1587
9 78 0.1587
9 41 0.163
10 41 0.163
9 42 0.1869
10 42 0.1869
9 79 0.2894
10 79 0.2894
9 25 0.08693
10 25 0.08693
9 80 0.1201
10 80 0.1201
10 81 0.1201
9 81 0.1201
9 26 0.15
10 26 0.15
9 43 0.1745
10 43 0.1745
9 47 0.1931
10 47 0.1931
9 27 0.1739
10 27 0.1739
9 82 0.2762
10 82 0.2762
9 83 0.2563
10 83 0.2563
10 84 0.2563
9 84 0.2563
9 39 0.405
10 39 0.405
9 28 0.6383
10 28 0.6383
10 29 0.6383
9 29 0.6383
9 85 0.1015
10 85 0.1015
9 30 0.1674
10 30 0.1674
10 31 0.1674
9 31 0.1674
9 59 0.1876
10 59 0.1876
9 86 0.2024
10 86 0.2024
9 87 0.3189
10 87 0.3189
9 32 0.1681
10 32 0.1681
9 44 0.157
10 44 0.157
9 33 0.1739
10 33 0.1739
9 88 0.06522
10 88 0.06522
9 89 0.1065
10 89 0.1065
9 34 0.1587
10 34 0.1587
9 35 0.1609
10 35 0.1609
9 57 0.0913
10 57 0.0913
9 58 0.1413
10 58 0.1413
9 90 0.06304
10 90 0.06304
9 91 0.2587
10 91 0.2587
9 48 0.49
10 48 0.49
10 49 0.49
9 49 0.49
9 36 0.2009
10 36 0.2009
10 37 0.2009
9 37 0.2009
9 92 0.5268
10 92 0.5268
9 40 0.4312
10 40 0.4312
9 5 1000
10 5 1000
9 93 0.5339
10 93 0.5339
9 38 0.1348
10 38 0.1348
9 1 0.1843
10 1 0.1843
10 2 0.1843
9 2 0.1843
11 60 1000
11 61 1.061
11 12 0.3786
11 62 1000
11 63 0.6254
11 64 0.3519
11 13 0.404
11 14 0.404
11 15 0.07146
11 16 0.3292
11 17 0.1111
11 65 0.5789
11 6 0.5547
11 66 1000
11 67 0.424
11 68 0.424
11 45 1.251
11 46 1.251
11 3 1.076
11 69 0.1567
11 18 0.1367
11 19 0.215
11 20 0.01917
11 21 0.01917
11 22 1000
11 70 0.2667
11 50 0.1083
11 51 0.1083
11 52 0.035
11 71 0.02671
11 72 0.05
11 73 0.2396
11 53 0.03333
11 74 0.02
11 75 0.01167
11 54 0.01083
11 24 0.03583
11 4 0.5782
11 55 0.02333
11 76 0.1217
11 56 0.08611
11 77 0.1779
11 78 0.1779
11 41 0.1867
11 42 0.1981
11 79 0.2452
11 25 0.02716
11 80 0.04487
11 81 0.04487
11 26 0.08
11 43 0.0733
11 47 0.1564
11 27 0.2425
11 82 0.1883
11 39 0.293
11 28 0.3809
11 29 0.3809
11 85 0.01545
11 30 0.12
11 31 0.12
11 59 0.05843
11 86 0.1411
11 87 0.1939
11 32 0.2234
11 44 0.07833
11 33 0.2217
11 88 0.005
11 89 0.05917
11 34 0.065
11 35 0.07417
11 57 0.0975
11 58 0.02
11 90 0.0125
11 91 0.1863
11 48 0.527
11 49 0.527
11 36 0.2293
11 37 0.2293
11 92 0.3515
11 40 0.6135
11 5 0.3346
11 93 0.3781
11 38 0.02741
11 1 0.135
11 2 0.135
60 61 0.7319
60 12 0.1961
60 62 1000
60 63 0.5371
60 13 0.2865
60 14 0.2865
60 15 0.04706
60 65 0.4426
60 6 0.3659
60 66 0.7685
60 67 0.3973
60 68 0.3973
60 45 0.9779
60 46 0.9779
60 3 0.7689
60 69 0.04255
60 18 0.04255
60 19 0.04255
60 20 0.02979
60 21 0.02979
60 22 0.6786
60 70 0.1917
60 50 0.04255
60 51 0.04255
60 52 0.04255
60 71 0.03882
60 72 0.04255
60 73 0.2084
60 53 0.02979
60 74 0.03191
60 23 0.1873
60 75 0.02128
60 54 0.02128
60 24 0.02766
60 4 0.677
60 55 0.0234
60 76 0.1198
60 56 0.0721
60 77 0.1413
60 78 0.1413
60 41 0.04255
60 42 0.0773
60 79 0.2491
60 25 0.0495
60 80 0.04301
60 81 0.04301
60 26 0.04681
60 43 0.08105
60 47 0.1145
60 27 0.04468
60 39 0.249
60 85 0.02179
60 30 0.04255
60 31 0.04255
60 32 0.04766
60 44 0.05191
60 33 0.05106
60 88 0.01064
60 89 0.03617
60 34 0.03617
60 35 0.03617
60 57 0.04043
60 58 0.03191
60 90 0.01915
60 48 0.705
60 49 0.705
60 36 0.05734
60 37 0.05734
60 40 0.5352
60 5 0.2872
60 1 0.0952
60 2 0.0952
61 12 0.7269
61 62 1000
61 63 1000
61 64 1000
61 13 0.4714
61 14 0.4714
61 15 0.1376
61 16 0.235
61 17 0.3302
61 65 0.6065
61 6 0.3232
61 66 1000
61 67 0.5024
61 68 0.5024
61 45 1000
61 46 1000
61 3 0.5595
61 69 0.4383
61 18 0.4
61 19 0.45
61 20 0.2372
61 21 0.2372
61 22 0.611
61 70 0.4099
61 50 0.3904
61 51 0.3904
61 52 0.3415
61 71 0.2101
61 72 0.3468
61 73 0.3564
61 53 0.2968
61 74 0.3245
61 23 0.1343
61 75 0.3191
61 54 0.3096
61 24 0.3319
61 4 1000
61 55 0.2947
61 76 0.4788
61 56 0.4399
61 77 0.4161
61 78 0.4161
61 41 0.4511
61 42 0.4756
61 79 0.8445
61 25 0.3464
61 80 0.2278
61 81 0.2278
61 26 0.4074
61 43 0.4491
61 47 0.5272
61 27 0.4553
61 82 0.2823
61 83 0.2671
61 84 0.2671
61 39 0.5794
61 85 0.3299
61 30 0.3926
61 31 0.3926
61 59 0.1087
61 86 0.2824
61 87 0.2126
61 32 0.4519
61 44 0.4232
61 33 0.4457
61 88 0.1064
61 89 0.3851
61 34 0.4298
61 35 0.3777
61 57 0.3457
61 58 0.3255
61 90 0.2149
61 91 1000
61 48 1.136
61 49 1.136
61 36 0.4532
61 37 0.4532
61 92 0.3951
61 40 0.6343
61 5 0.2119
61 93 0.2652
61 38 0.06545
61 1 0.3039
61 2 0.3039
12 62 1000
12 63 0.5637
12 64 0.6405
12 13 0.3427
12 14 0.3427
12 15 0.06755
12 16 0.3478
12 17 0.0509
12 65 0.4599
12 6 0.3554
12 66 0.7692
12 67 0.3526
12 68 0.3526
12 45 0.5707
12 46 0.5707
12 3 0.3588
12 69 0.07692
12 18 0.06795
12 19 0.07821
12 20 0.07692
12 21 0.07692
12 22 0.2779
12 70 0.3723
12 50 0.08846
12 51 0.08846
12 52 0.05513
12 71 0.07267
12 72 0.08205
12 73 0.2962
12 53 0.07051
12 74 0.06026
12 23 0.1975
12 75 0.0641
12 54 0.05
12 24 0.05897
12 4 1000
12 55 0.04615
12 76 0.1615
12 56 0.1886
12 77 0.3599
12 78 0.3599
12 41 0.2855
12 42 0.1565
12 79 0.4583
12 25 0.08324
12 80 0.1116
12 81 0.1116
12 26 0.07692
12 43 0.1523
12 47 0.2183
12 27 0.1013
12 39 0.2814
12 28 0.3239
12 29 0.3239
12 85 0.07916
12 30 0.1231
12 31 0.1231
12 59 0.1095
12 86 0.2147
12 32 0.091
12 44 0.09436
12 33 0.08333
12 88 0.06923
12 89 0.06923
12 34 0.07692
12 35 0.07564
12 57 0.06795
12 58 0.07692
12 90 0.0641
12 91 0.2539
12 48 1000
12 49 1000
12 36 0.1052
12 37 0.1052
12 40 0.24
12 5 0.1757
12 93 0.2671
12 1 0.0538
12 2 0.0538
62 63 1.28
62 64 0.3561
62 13 0.6397
62 14 0.6397
62 15 0.1894
62 16 0.3435
62 17 0.3405
62 65 0.7571
62 6 0.2968
62 66 1000
62 67 0.4988
62 68 0.4988
62 45 1000
62 46 1000
62 3 0.5073
62 69 0.684
62 18 0.4744
62 19 0.7388
62 20 0.1636
62 21 0.1636
62 22 0.9485
62 70 0.4613
62 50 0.4812
62 51 0.4812
62 52 0.312
62 71 0.1747
62 72 0.3296
62 73 0.2474
62 53 0.248
62 74 0.2424
62 23 0.1438
62 75 0.2176
62 54 0.192
62 24 0.3192
62 4 1000
62 55 0.2136
62 76 0.4693
62 56 0.3491
62 77 0.1124
62 78 0.1124
62 41 0.7044
62 42 0.7508
62 79 0.6595
62 25 0.2358
62 80 0.1233
62 81 0.1233
62 26 0.3532
62 43 0.3628
62 47 0.6244
62 27 0.7448
62 39 0.3448
62 85 0.2203
62 30 0.3704
62 31 0.3704
62 86 0.1699
62 32 0.7599
62 44 0.4062
62 33 0.6688
62 88 0.0344
62 89 0.3908
62 34 0.4152
62 35 0.3568
62 57 0.3408
62 58 0.2512
62 90 0.1276
62 91 0.2411
62 48 1000
62 49 1000
62 36 0.7498
62 37 0.7498
62 40 0.6706
62 5 0.149
62 93 0.2326
62 1 0.08165
62 2 0.08165
63 64 1000
63 13 0.227
63 14 0.227
63 15 0.03811
63 16 0.08956
63 17 0.1305
63 65 0.2469
63 66 0.8904
63 67 0.2395
63 68 0.2395
63 45 0.5073
63 46 0.5073
63 3 0.2366
63 69 0.405
63 18 0.3082
63 19 0.4314
63 20 0.04455
63 21 0.04455
63 22 0.5071
63 70 0.2792
63 50 0.27
63 51 0.27
63 52 0.2414
63 71 0.08527
63 72 0.2209
63 73 0.2645
63 53 0.1414
63 74 0.1559
63 23 0.05714
63 75 0.1623
63 54 0.1345
63 24 0.1941
63 4 1000
63 55 0.195
63 76 0.3994
63 56 0.4153
63 77 0.3405
63 78 0.3405
63 41 0.4259
63 42 0.4977
63 79 1.125
63 25 0.2398
63 80 0.126
63 81 0.126
63 26 0.3732
63 43 0.3366
63 47 0.3627
63 27 0.4191
63 82 0.2381
63 83 0.2635
63 84 0.2635
63 39 0.3718
63 85 0.192
63 30 0.2264
63 31 0.2264
63 86 0.2458
63 87 0.1597
63 32 0.4442
63 44 0.3273
63 33 0.4082
63 88 0.01091
63 89 0.3082
63 34 0.3223
63 35 0.2827
63 57 0.2341
63 58 0.1932
63 90 0.07591
63 91 1000
63 48 1000
63 49 1000
63 36 0.3444
63 37 0.3444
63 92 0.3284
63 40 0.2509
63 5 0.08696
63 38 0.0138
63 1 0.04272
63 2 0.04272
64 8 0.3403
64 60 0.389
64 13 0.2525
64 14 0.2525
64 15 0.02636
64 16 0.04436
64 17 0.08751
64 65 0.09153
64 6 0.03265
64 66 0.3198
64 67 0.3419
64 68 0.3419
64 45 0.493
64 46 0.493
64 3 0.06387
64 69 0.4996
64 18 0.07643
64 19 0.5745
64 20 0.01825
64 21 0.01825
64 22 0.3273
64 70 0.4842
64 50 0.1475
64 51 0.1475
64 52 0.08517
64 71 0.1636
64 72 0.1506
64 73 0.3812
64 53 0.1186
64 74 0.2076
64 23 0.02054
64 75 0.1856
64 54 0.1441
64 24 0.1266
64 4 1000
64 55 0.2916
64 76 1000
64 56 0.7278
64 77 0.5004
64 78 0.5004
64 41 0.4487
64 42 0.6504
64 79 1.384
64 25 0.4025
64 80 0.3451
64 81 0.3451
64 26 0.3731
64 43 0.5734
64 47 0.7521
64 27 0.5688
64 82 1000
64 83 0.205
64 84 0.205
64 39 0.4058
64 85 0.5391
64 30 0.2256
64 31 0.2256
64 59 0.07272
64 86 1000
64 87 0.1826
64 32 0.3891
64 44 0.3656
64 33 0.4981
64 88 0.06419
64 89 0.3137
64 34 0.2977
64 35 0.1871
64 57 0.03802
64 58 0.1494
64 90 0.05665
64 91 1000
64 48 0.6211
64 49 0.6211
64 36 0.2989
64 37 0.2989
64 92 0.2474
64 40 0.2683
64 5 0.02961
64 93 0.0576
64 38 0.04039
64 1 0.1375
64 2 0.1375
13 14 1000
13 15 0.3907
14 15 0.3907
13 16 1000
14 16 1000
13 17 0.3441
14 17 0.3441
13 65 0.4319
14 65 0.4319
13 6 0.7915
14 6 0.7915
13 67 0.3443
14 67 0.3443
14 68 0.3443
13 68 0.3443
13 45 0.8772
14 45 0.8772
14 46 0.8772
13 46 0.8772
13 3 1.27
14 3 1.27
13 69 0.0453
14 69 0.0453
13 18 0.1239
14 18 0.1239
13 19 0.1795
14 19 0.1795
13 20 0.1205
14 20 0.1205
14 21 0.1205
13 21 0.1205
13 22 1.148
14 22 1.148
13 70 0.2472
14 70 0.2472
13 50 0.1137
14 50 0.1137
14 51 0.1137
13 51 0.1137
13 52 0.06325
14 52 0.06325
13 71 0.0184
14 71 0.0184
13 72 0.07863
14 72 0.07863
13 53 0.01966
14 53 0.01966
13 74 0.03077
14 74 0.03077
13 23 0.3506
14 23 0.3506
13 75 0.02137
14 75 0.02137
13 54 0.03419
14 54 0.03419
13 24 0.01197
14 24 0.01197
13 4 0.2221
14 4 0.2221
13 55 0.03162
14 55 0.03162
13 76 0.09134
14 76 0.09134
13 56 0.04066
14 56 0.04066
13 41 0.0906
14 41 0.0906
13 42 0.05915
14 42 0.05915
13 79 0.1452
14 79 0.1452
13 25 0.03495
14 25 0.03495
13 80 0.02963
14 80 0.02963
14 81 0.02963
13 81 0.02963
13 26 0.1009
14 26 0.1009
13 43 0.05131
14 43 0.05131
13 47 0.2467
14 47 0.2467
13 27 0.3197
14 27 0.3197
13 39 0.2589
14 39 0.2589
13 28 0.6005
14 28 0.6005
14 29 0.6005
13 29 0.6005
13 30 0.1453
14 30 0.1453
14 31 0.1453
13 31 0.1453
13 32 0.1077
14 32 0.1077
13 44 0.07426
14 44 0.07426
13 33 0.2291
14 33 0.2291
13 88 0.09863
14 88 0.09863
13 89 0.0812
14 89 0.0812
13 34 0.01624
14 34 0.01624
13 35 0.04188
14 35 0.04188
13 57 0.07778
14 57 0.07778
13 58 0.0359
14 58 0.0359
13 90 0.01368
14 90 0.01368
13 91 0.1128
14 91 0.1128
13 48 0.339
14 48 0.339
14 49 0.339
13 49 0.339
13 36 1000
14 36 1000
14 37 1000
13 37 1000
13 92 0.3944
14 92 0.3944
13 40 0.7205
14 40 0.7205
13 5 0.7252
14 5 0.7252
13 93 0.426
14 93 0.426
13 38 0.04943
14 38 0.04943
13 1 0.191
14 1 0.191
14 2 0.191
13 2 0.191
15 16 1000
15 17 0.4688
15 65 0.3023
15 6 0.1472
15 66 0.2257
15 67 0.1672
15 68 0.1672
15 45 0.2602
15 46 0.2602
15 3 0.5947
15 69 0.025
15 18 0.03594
15 19 0.04219
15 20 0.04375
15 21 0.04375
15 22 0.1755
15 70 0.05688
15 50 0.01641
15 51 0.01641
15 52 0.01797
15 71 0.02067
15 72 0.01641
15 73 0.1195
15 53 0.01797
15 74 0.01562
15 23 0.4482
15 75 0.01875
15 54 0.01875
15 24 0.02422
15 4 0.04086
15 55 0.01562
15 41 0.02344
15 42 0.03385
15 79 0.04337
15 25 0.005469
15 80 0.00919
15 81 0.00919
15 26 0.02266
15 43 0.01406
15 47 0.04315
15 27 0.08594
15 39 0.09146
15 28 1000
15 29 1000
15 85 0.003906
15 30 0.06406
15 31 0.06406
15 59 0.04043
15 32 0.03013
15 44 0.02444
15 33 0.06484
15 88 0.03359
15 89 0.01562
15 34 0.02344
15 35 0.02266
15 57 0.01172
15 58 0.02031
15 90 0.01328
15 91 0.03274
15 48 0.1825
15 49 0.1825
15 36 0.6256
15 37 0.6256
15 92 0.2691
15 40 0.1952
15 5 1000
15 93 0.2606
15 38 0.06271
15 1 0.2387
15 2 0.2387
16 60 0.2654
16 17 0.6581
16 65 0.6659
16 6 0.6014
16 66 0.1975
16 67 0.4911
16 68 0.4911
16 45 0.3981
16 46 0.3981
16 3 1000
16 69 0.117
16 18 0.1535
16 19 0.2604
16 20 0.1459
16 21 0.1459
16 22 0.5118
16 70 0.09669
16 50 0.1642
16 51 0.1642
16 52 0.1352
16 71 0.03515
16 72 0.1138
16 73 0.1919
16 53 0.1201
16 74 0.1063
16 23 0.8432
16 75 0.08742
16 54 0.1138
16 24 0.1038
16 4 0.1317
16 55 0.04906
16 76 0.0368
16 56 0.01777
16 77 0.02327
16 78 0.02327
16 41 0.2597
16 42 0.1264
16 79 0.1299
16 25 0.03082
16 80 0.04808
16 81 0.04808
16 26 0.2233
16 43 0.05912
16 47 0.315
16 27 0.3931
16 83 0.1029
16 84 0.1029
16 39 0.2955
16 28 1000
16 29 1000
16 85 0.005031
16 30 0.2352
16 31 0.2352
16 59 0.09602
16 86 0.0191
16 32 0.2687
16 44 0.2326
16 33 0.3409
16 88 0.1107
16 89 0.1208
16 34 0.122
16 35 0.1371
16 57 0.08239
16 58 0.1239
16 90 0.04465
16 91 0.1036
16 48 0.4355
16 49 0.4355
16 36 0.6369
16 37 0.6369
16 92 0.3981
16 40 0.5987
16 5 1000
16 93 0.4622
16 38 0.2241
16 1 0.5588
16 2 0.5588
17 60 0.007812
17 65 0.2274
17 6 0.1541
17 66 0.2364
17 67 0.1419
17 68 0.1419
17 45 0.252
17 46 0.252
17 3 0.441
17 69 0.008594
17 18 0.02187
17 19 0.01953
17 20 0.02578
17 21 0.02578
17 22 0.1289
17 50 0.007031
17 51 0.007031
17 52 0.005469
17 72 0.01172
17 53 0.005469
17 74 0.002344
17 23 0.6607
17 75 0.002344
17 54 0.007031
17 24 0.02344
17 4 0.0825
17 55 0.003125
17 77 0.04226
17 78 0.04226
17 41 0.02344
17 42 0.04025
17 79 0.1025
17 25 0.01306
17 80 0.01523
17 81 0.01523
17 26 0.02344
17 43 0.01113
17 47 0.0185
17 27 0.04131
17 39 0.09602
17 28 0.6228
17 29 0.6228
17 30 0.04231
17 31 0.04231
17 32 0.03037
17 44 0.04044
17 33 0.04688
17 89 0.003906
17 34 0.01797
17 35 0.02266
17 57 0.01562
17 58 0.007031
17 90 0.01562
17 91 0.03411
17 48 0.1831
17 49 0.1831
17 36 0.2156
17 37 0.2156
17 40 0.1131
17 5 0.2779
17 93 0.2164
17 38 0.1413
17 1 0.5178
17 2 0.5178
65 6 0.9183
65 66 0.7453
65 67 1000
65 68 1000
65 45 0.7538
65 46 0.7538
65 3 1000
65 69 0.1814
65 18 0.1257
65 19 0.2357
65 20 0.03714
65 21 0.03714
65 22 0.4729
65 70 0.2746
65 50 0.03
65 51 0.03
65 52 0.02714
65 71 0.02326
65 72 0.03286
65 73 0.1946
65 53 0.04429
65 74 0.04571
65 23 0.4141
65 75 0.06
65 54 0.02286
65 24 0.04143
65 4 0.1081
65 55 0.06286
65 76 0.09218
65 77 0.08398
65 78 0.08398
65 41 0.3329
65 42 0.2106
65 79 0.2616
65 25 0.01292
65 80 0.04301
65 81 0.04301
65 26 0.07429
65 43 0.06864
65 47 0.1014
65 27 0.3843
65 82 0.1514
65 83 0.1666
65 84 0.1666
65 39 0.4298
65 28 0.8078
65 29 0.8078
65 85 0.02621
65 30 0.1229
65 31 0.1229
65 59 0.1225
65 87 0.3049
65 32 0.2222
65 44 0.1833
65 33 0.25
65 88 0.01429
65 89 0.07
65 34 0.09857
65 35 0.07429
65 57 0.02571
65 58 0.04429
65 90 0.01714
65 91 0.1393
65 48 0.3377
65 49 0.3377
65 36 0.3703
65 37 0.3703
65 92 1000
65 40 1000
65 5 1000
65 93 1000
65 38 0.1251
65 1 0.213
65 2 0.213
6 63 0.1485
6 66 1000
6 67 0.556
6 68 0.556
6 45 1000
6 46 1000
6 3 1000
6 69 0.104
6 18 0.08182
6 19 0.1444
6 20 0.05455
6 21 0.05455
6 22 0.6227
6 70 0.03996
6 50 0.03737
6 51 0.03737
6 52 0.01616
6 71 0.006061
6 72 0.02424
6 73 0.01635
6 53 0.03636
6 74 0.02525
6 23 0.4787
6 75 0.04343
6 54 0.03838
6 24 0.04545
6 4 0.05387
6 55 0.01919
6 76 0.01745
6 56 0.0101
6 77 0.00101
6 78 0.00101
6 41 0.197
6 42 0.1232
6 79 0.05127
6 25 0.009091
6 80 0.03762
6 81 0.03762
6 26 0.06061
6 43 0.0202
6 47 0.08199
6 27 0.198
6 82 0.08673
6 83 0.1146
6 84 0.1146
6 39 0.2164
6 28 0.666
6 29 0.666
6 85 0.0202
6 30 0.07879
6 31 0.07879
6 59 0.09857
6 86 0.01241
6 87 0.1741
6 32 0.198
6 44 0.06161
6 33 0.1202
6 88 0.02121
6 89 0.06162
6 34 0.07172
6 35 0.05758
6 57 0.01313
6 58 0.03131
6 90 0.01919
6 91 0.1106
6 48 0.3006
6 49 0.3006
6 36 0.3884
6 37 0.3884
6 92 0.3352
6 40 1000
6 5 1000
6 93 0.5846
6 38 0.123
6 1 0.1781
6 2 0.1781
66 13 0.512
66 14 0.512
66 67 1000
66 68 1000
66 45 1000
66 46 1000
66 3 1.164
66 69 0.3301
66 18 0.1833
66 19 0.3895
66 20 0.04105
66 21 0.04105
66 22 0.7466
66 70 0.4362
66 50 0.1022
66 51 0.1022
66 52 0.04737
66 71 0.03409
66 72 0.06269
66 73 0.2168
66 53 0.03609
66 74 0.01579
66 23 0.03051
66 75 0.0188
66 54 0.04708
66 24 0.0794
66 4 0.3573
66 55 0.02556
66 76 0.2075
66 56 0.1355
66 77 0.2299
66 78 0.2299
66 41 0.3883
66 42 0.3887
66 79 0.35
66 25 0.029
66 80 0.06304
66 81 0.06304
66 26 0.06466
66 43 0.1263
66 47 0.2615
66 27 0.4903
66 39 0.3157
66 85 0.1021
66 30 0.158
66 31 0.158
66 59 0.02362
66 86 0.1296
66 87 0.2211
66 32 0.4532
66 44 0.07789
66 33 0.3639
66 88 0.08786
66 89 0.08947
66 34 0.1075
66 35 0.104
66 57 0.07143
66 58 0.04812
66 90 0.02256
66 91 0.2129
66 48 1000
66 49 1000
66 36 0.5361
66 37 0.5361
66 92 0.118
66 40 0.4957
66 5 0.1086
66 93 0.2015
66 1 0.0284
66 2 0.0284
67 68 1000
67 45 1000
68 45 1000
68 46 1000
67 46 1000
67 3 1000
68 3 1000
67 69 0.1469
68 69 0.1469
67 18 0.04896
68 18 0.04896
67 19 0.1677
68 19 0.1677
67 20 0.01562
68 20 0.01562
68 21 0.01562
67 21 0.01562
67 22 0.3947
68 22 0.3947
67 70 0.367
68 70 0.367
67 50 0.09688
68 50 0.09688
68 51 0.09688
67 51 0.09688
67 52 0.07083
68 52 0.07083
67 71 0.08421
68 71 0.08421
67 72 0.09375
68 72 0.09375
67 73 0.2437
68 73 0.2437
67 53 0.08438
68 53 0.08438
67 74 0.08854
68 74 0.08854
67 23 0.2104
68 23 0.2104
67 75 0.075
68 75 0.075
67 54 0.08542
68 54 0.08542
67 24 0.05729
68 24 0.05729
67 4 0.2375
68 4 0.2375
67 55 0.1115
68 55 0.1115
67 76 0.1911
68 76 0.1911
67 56 0.09563
68 56 0.09563
67 77 0.1164
68 77 0.1164
68 78 0.1164
67 78 0.1164
67 41 0.2354
68 41 0.2354
67 42 0.2181
68 42 0.2181
67 79 0.3401
68 79 0.3401
67 25 0.1009
68 25 0.1009
67 80 0.117
68 80 0.117
68 81 0.117
67 81 0.117
67 26 0.1354
68 26 0.1354
67 43 0.1735
68 43 0.1735
67 47 0.3256
68 47 0.3256
67 27 0.1729
68 27 0.1729
67 82 0.5423
68 82 0.5423
67 83 0.4357
68 83 0.4357
68 84 0.4357
67 84 0.4357
67 39 1000
68 39 1000
67 28 0.3456
68 28 0.3456
68 29 0.3456
67 29 0.3456
67 85 0.06938
68 85 0.06938
67 30 0.03854
68 30 0.03854
68 31 0.03854
67 31 0.03854
67 59 0.3825
68 59 0.3825
67 86 0.2974
68 86 0.2974
67 87 1000
68 87 1000
67 32 0.2041
68 32 0.2041
67 44 0.1721
68 44 0.1721
67 33 0.1583
68 33 0.1583
67 88 0.06003
68 88 0.06003
67 89 0.07604
68 89 0.07604
67 34 0.1417
68 34 0.1417
67 35 0.09167
68 35 0.09167
67 57 0.04583
68 57 0.04583
67 58 0.09688
68 58 0.09688
67 90 0.04896
68 90 0.04896
67 91 0.4101
68 91 0.4101
67 48 0.4534
68 48 0.4534
68 49 0.4534
67 49 0.4534
67 36 0.2618
68 36 0.2618
68 37 0.2618
67 37 0.2618
67 92 1000
68 92 1000
67 40 1000
68 40 1000
67 5 0.8353
68 5 0.8353
67 93 0.7731
68 93 0.7731
67 38 0.1349
68 38 0.1349
67 1 0.171
68 1 0.171
68 2 0.171
67 2 0.171
45 46 1000
45 3 1000
46 3 1000
45 69 0.1394
46 69 0.1394
45 18 0.1007
46 18 0.1007
45 19 0.221
46 19 0.221
45 20 0.2348
46 20 0.2348
46 21 0.2348
45 21 0.2348
45 22 0.9942
46 22 0.9942
45 70 0.3175
46 70 0.3175
45 50 0.07325
46 50 0.07325
46 51 0.07325
45 51 0.07325
45 52 0.0481
46 52 0.0481
45 71 0.0485
46 71 0.0485
45 72 0.05031
46 72 0.05031
45 73 0.2057
46 73 0.2057
45 53 0.08905
46 53 0.08905
45 74 0.03
46 74 0.03
45 23 0.04845
46 23 0.04845
45 75 0.03429
46 75 0.03429
45 54 0.07857
46 54 0.07857
45 24 0.1406
46 24 0.1406
45 4 1000
46 4 1000
45 55 0.03667
46 55 0.03667
45 76 0.1675
46 76 0.1675
45 56 0.09111
46 56 0.09111
45 77 0.1925
46 77 0.1925
46 78 0.1925
45 78 0.1925
45 41 0.3807
46 41 0.3807
45 42 0.7879
46 42 0.7879
45 79 0.5387
46 79 0.5387
45 25 0.05954
46 25 0.05954
45 80 0.08867
46 80 0.08867
46 81 0.08867
45 81 0.08867
45 26 0.3869
46 26 0.3869
45 43 0.1711
46 43 0.1711
45 47 0.1861
46 47 0.1861
45 27 0.4075
46 27 0.4075
45 82 0.05153
46 82 0.05153
45 39 0.3199
46 39 0.3199
45 28 0.06387
46 28 0.06387
46 29 0.06387
45 29 0.06387
45 85 0.2293
46 85 0.2293
45 30 0.1769
46 30 0.1769
46 31 0.1769
45 31 0.1769
45 59 0.009941
46 59 0.009941
45 86 0.07581
46 86 0.07581
45 87 0.2371
46 87 0.2371
45 32 0.2502
46 32 0.2502
45 44 0.09571
46 44 0.09571
45 33 0.2378
46 33 0.2378
45 88 0.2085
46 88 0.2085
45 89 0.09619
46 89 0.09619
45 34 0.1257
46 34 0.1257
45 35 0.1171
46 35 0.1171
45 57 0.07116
46 57 0.07116
45 58 0.09714
46 58 0.09714
45 90 0.05381
46 90 0.05381
45 91 0.2038
46 91 0.2038
45 48 1000
46 48 1000
46 49 1000
45 49 1000
45 36 0.4935
46 36 0.4935
46 37 0.4935
45 37 0.4935
45 92 0.02745
46 92 0.02745
45 40 0.3655
46 40 0.3655
45 5 0.04454
46 5 0.04454
45 93 0.1371
46 93 0.1371
45 38 0.002381
46 38 0.002381
45 1 0.09435
46 1 0.09435
46 2 0.09435
45 2 0.09435
3 7 0.414
3 8 0.3134
3 69 0.1564
3 18 0.1285
3 19 0.1863
3 20 0.1575
3 21 0.1575
3 22 1000
3 70 0.02035
3 50 0.1238
3 51 0.1238
3 52 0.118
3 71 0.03721
3 72 0.1012
3 73 0.04128
3 53 0.1221
3 74 0.08314
3 23 0.7628
3 75 0.09302
3 54 0.1093
3 24 0.1244
3 4 0.08813
3 55 0.07733
3 76 0.02326
3 56 0.04583
3 77 0.02209
3 78 0.02209
3 41 0.2606
3 42 0.2275
3 79 0.1483
3 25 0.0436
3 80 0.06221
3 81 0.06221
3 26 0.1469
3 43 0.07442
3 47 0.2267
3 27 0.3751
3 39 0.189
3 28 1000
3 29 1000
3 85 0.06332
3 30 0.1897
3 31 0.1897
3 59 0.04643
3 86 0.0005814
3 32 0.2506
3 44 0.143
3 33 0.2511
3 88 0.05028
3 89 0.1233
3 34 0.1657
3 35 0.157
3 57 0.0843
3 58 0.1203
3 90 0.07849
3 91 0.06686
3 48 0.2136
3 49 0.2136
3 36 0.7857
3 37 0.7857
3 92 0.126
3 40 1000
3 5 1000
3 93 1000
3 38 0.1461
3 1 0.454
3 2 0.454
69 18 1000
69 19 0.5224
69 50 0.2552
69 51 0.2552
69 52 0.2314
69 71 0.02101
69 72 0.5386
69 53 0.1909
69 74 0.1817
69 75 0.07371
69 54 0.04914
69 24 1000
69 4 0.7119
69 55 0.06229
69 56 0.3649
69 41 0.08549
69 42 1.072
69 26 0.7752
69 43 0.08442
69 47 0.3728
69 82 0.1369
69 39 0.1689
69 85 1000
69 30 0.5867
69 31 0.5867
69 32 1000
69 33 0.4702
69 88 0.2179
69 89 0.3611
69 34 0.4085
69 35 1000
69 57 0.6125
69 58 0.04514
69 90 0.1109
69 48 0.4229
69 49 0.4229
69 40 0.1865
69 5 0.083
69 1 0.01207
69 2 0.01207
18 19 1000
18 20 0.6793
18 21 0.6793
18 50 0.01176
18 51 0.01176
18 52 0.01118
18 72 0.01294
18 53 0.01235
18 74 0.03647
18 75 0.007647
18 54 0.006471
18 24 0.1938
18 4 0.4765
18 55 0.007647
18 76 0.01985
18 56 0.02472
18 41 0.362
18 42 0.2275
18 25 0.01163
18 26 0.02932
18 43 0.02604
18 47 0.05148
18 27 0.1327
18 39 0.02154
18 85 0.459
18 30 1000
18 31 1000
18 32 0.0928
18 44 0.02588
18 33 1000
18 88 0.007156
18 89 0.02059
18 34 0.005882
18 35 0.01672
18 57 0.04541
18 58 0.007647
18 90 0.006471
18 48 0.17
18 49 0.17
18 40 0.2045
18 5 0.06888
18 38 0.006979
18 1 0.2489
18 2 0.2489
19 20 1000
19 21 1000
19 50 0.04082
19 51 0.04082
19 52 0.01652
19 72 0.05681
19 53 0.0113
19 74 0.01826
19 75 0.005217
19 54 0.02104
19 24 0.2714
19 4 0.9894
19 55 0.005217
19 76 0.127
19 56 0.2629
19 41 0.74
19 25 0.02734
19 26 0.3524
19 43 0.08767
19 47 0.2695
19 27 0.06225
19 39 0.1429
19 85 0.3891
19 30 1.004
19 31 1.004
19 32 0.362
19 33 1000
19 88 0.1666
19 89 0.008261
19 35 0.2567
19 57 0.04037
19 58 0.002609
19 90 0.003043
19 48 0.4334
19 49 0.4334
19 40 0.3264
19 5 0.1215
19 38 0.03944
19 1 0.3482
19 2 0.3482
20 69 0.003614
21 69 0.003614
20 21 1000
20 50 0.1924
21 50 0.1924
21 51 0.1924
20 51 0.1924
20 52 0.2024
21 52 0.2024
20 72 0.1265
21 72 0.1265
20 53 0.1671
21 53 0.1671
20 74 0.1502
21 74 0.1502
20 23 0.09346
21 23 0.09346
20 75 0.1269
21 75 0.1269
20 54 0.1446
21 54 0.1446
20 24 0.2944
21 24 0.2944
20 4 0.5751
21 4 0.5751
20 55 0.161
21 55 0.161
20 76 0.08213
21 76 0.08213
20 56 0.1594
21 56 0.1594
20 41 0.2525
21 41 0.2525
20 25 0.09719
21 25 0.09719
20 26 0.1867
21 26 0.1867
20 43 0.1562
21 43 0.1562
20 47 0.2402
21 47 0.2402
20 27 1000
21 27 1000
20 82 0.01064
21 82 0.01064
20 39 0.08296
21 39 0.08296
20 85 0.009639
21 85 0.009639
20 30 0.5571
21 30 0.5571
21 31 0.5571
20 31 0.5571
20 59 0.006118
21 59 0.006118
20 32 0.07108
21 32 0.07108
20 44 0.01646
21 44 0.01646
20 33 1000
21 33 1000
20 88 0.05462
21 88 0.05462
20 89 0.02691
21 89 0.02691
20 34 0.0245
21 34 0.0245
20 35 0.1815
21 35 0.1815
20 57 0.2281
21 57 0.2281
20 58 0.1378
21 58 0.1378
20 90 0.09398
21 90 0.09398
20 48 0.1893
21 48 0.1893
21 49 0.1893
20 49 0.1893
20 36 0.006241
21 36 0.006241
21 37 0.006241
20 37 0.006241
20 40 0.3061
21 40 0.3061
20 5 0.1678
21 5 0.1678
20 38 0.06911
21 38 0.06911
20 1 0.4226
21 1 0.4226
21 2 0.4226
20 2 0.4226
22 69 0.09626
22 18 0.1093
22 19 0.157
22 20 0.07944
22 21 0.07944
22 70 0.2925
22 50 0.0729
22 51 0.0729
22 52 0.07383
22 71 0.02409
22 72 0.05234
22 73 0.2272
22 53 0.04299
22 74 0.0215
22 23 0.3428
22 75 0.0243
22 54 0.03364
22 24 0.04019
22 4 0.3587
22 55 0.01308
22 76 0.1053
22 56 0.05719
22 41 0.09907
22 42 0.1011
22 79 0.2829
22 25 0.0286
22 80 0.03906
22 81 0.03906
22 26 0.08224
22 43 0.06884
22 47 0.1093
22 27 0.1664
22 39 0.3152
22 28 1000
22 29 1000
22 85 0.01238
22 30 0.1074
22 31 0.1074
22 59 0.08561
22 32 0.1677
22 44 0.06673
22 33 0.1589
22 88 0.02941
22 89 0.05047
22 34 0.05047
22 35 0.06075
22 57 0.08879
22 58 0.04486
22 90 0.02897
22 91 0.1396
22 48 0.4034
22 49 0.4034
22 36 0.2698
22 37 0.2698
22 92 0.4063
22 40 0.4571
22 5 1000
22 93 0.4395
22 38 0.06481
22 1 0.129
22 2 0.129
70 17 0.07317
70 69 0.4829
70 18 0.08049
70 19 0.4805
70 20 0.01463
70 21 0.01463
70 50 1000
70 51 1000
70 52 0.4711
70 71 0.8875
70 72 0.3503
70 73 1.087
70 53 0.1761
70 74 0.384
70 23 0.03666
70 75 0.5424
70 54 0.8603
70 24 0.1226
70 4 0.2522
70 55 0.3522
70 76 0.4468
70 56 0.3144
70 77 0.6031
70 78 0.6031
70 41 0.4415
70 42 0.5037
70 79 0.4917
70 25 0.1874
70 80 1000
70 81 1000
70 26 0.1049
70 43 0.2048
70 47 1000
70 27 0.3171
70 82 0.2034
70 83 0.38
70 84 0.38
70 39 0.4229
70 85 0.5427
70 30 0.08049
70 31 0.08049
70 59 0.1914
70 86 0.2465
70 87 0.2513
70 32 0.3134
70 44 0.4402
70 33 0.4122
70 88 0.1317
70 89 0.2523
70 34 0.502
70 35 0.1114
70 58 1000
70 90 0.2246
70 91 0.3874
70 36 0.261
70 37 0.261
70 92 0.3603
70 40 0.3522
70 93 0.0253
50 51 1000
50 52 0.9528
51 52 0.9528
50 72 0.8317
51 72 0.8317
50 73 1000
51 73 1000
50 53 1.031
51 53 1.031
50 74 0.04614
51 74 0.04614
50 75 0.09713
51 75 0.09713
50 54 0.1694
51 54 0.1694
50 24 0.3181
51 24 0.3181
50 4 0.172
51 4 0.172
50 55 0.09615
51 55 0.09615
50 76 0.3654
51 76 0.3654
50 56 0.3218
51 56 0.3218
50 41 0.07252
51 41 0.07252
50 42 0.2201
51 42 0.2201
50 25 0.06916
51 25 0.06916
50 26 0.3883
51 26 0.3883
50 43 0.0864
51 43 0.0864
50 47 0.07185
51 47 0.07185
50 27 0.07982
51 27 0.07982
50 82 0.04108
51 82 0.04108
50 85 0.308
51 85 0.308
50 33 0.07721
51 33 0.07721
50 88 0.4548
51 88 0.4548
50 89 0.8644
51 89 0.8644
50 35 0.579
51 35 0.579
50 57 0.387
51 57 0.387
50 58 0.4985
51 58 0.4985
50 90 0.1036
51 90 0.1036
50 40 0.03711
51 40 0.03711
52 71 1000
52 72 1.053
52 73 1000
52 53 0.9283
52 74 0.1387
52 75 0.1704
52 54 0.003704
52 58 0.2667
52 90 1000
71 17 0.01754
71 18 0.01754
71 19 0.01754
71 20 0.01579
71 21 0.01579
71 50 0.3561
71 51 0.3561
71 72 1000
71 73 0.5286
71 53 0.09035
71 74 1.064
71 23 0.02258
71 75 0.7325
71 54 0.2523
71 24 0.01754
71 4 0.06622
71 55 0.8339
71 76 0.4632
71 56 0.3231
71 77 0.3023
71 78 0.3023
71 41 0.01754
71 42 0.07219
71 79 0.1933
71 25 0.1923
71 80 0.4948
71 81 0.4948
71 26 0.3316
71 43 0.1489
71 47 0.3076
71 27 0.01754
71 82 0.04776
71 83 0.1559
71 84 0.1559
71 39 0.07144
71 85 0.07646
71 30 0.01228
71 31 0.01228
71 59 0.0636
71 86 0.1317
71 87 0.04172
71 32 0.04101
71 44 1000
71 33 0.01754
71 89 0.207
71 34 0.1115
71 35 0.01754
71 58 0.7262
71 90 1000
71 91 0.09076
71 36 0.01754
71 37 0.01754
71 92 0.1494
71 40 0.04739
71 5 0.01481
72 73 0.8163
72 53 1.339
72 74 0.6293
72 75 0.6538
72 54 0.3503
72 24 0.2865
72 4 0.19
72 55 0.4898
72 76 0.3337
72 56 0.3679
72 41 0.04208
72 42 0.4512
72 25 0.1262
72 80 0.4072
72 81 0.4072
72 26 0.9209
72 43 0.2402
72 47 0.132
72 82 0.04348
72 85 0.8705
72 30 0.1956
72 31 0.1956
72 32 0.5327
72 44 0.6673
72 33 0.06234
72 88 0.3703
72 89 0.8434
72 34 1000
72 35 0.7407
72 57 1000
72 58 0.5549
72 90 1000
72 40 0.03481
73 13 0.1875
73 14 0.1875
73 17 0.1625
73 69 0.25
73 18 0.1875
73 19 0.25
73 20 0.1313
73 21 0.1313
73 53 1000
73 74 0.07426
73 23 0.09735
73 24 0.1881
73 4 0.05569
73 55 0.274
73 56 0.3836
73 77 0.4639
73 78 0.4639
73 41 0.2313
73 42 0.2836
73 79 0.3873
73 25 0.1535
73 80 0.3342
73 81 0.3342
73 26 0.1356
73 43 0.3088
73 47 0.4714
73 27 0.0625
73 82 0.2503
73 83 0.3668
73 84 0.3668
73 39 0.2499
73 85 0.2586
73 30 0.09375
73 31 0.09375
73 59 0.2478
73 86 0.2991
73 87 0.2256
73 32 0.2374
73 44 0.4143
73 33 0.2188
73 88 0.04478
73 89 0.2717
73 34 0.2755
73 35 0.198
73 58 0.09489
73 90 0.1306
73 91 0.3452
73 36 0.2062
73 37 0.2062
73 92 0.3913
73 40 0.2361
53 74 0.05
53 75 0.06053
53 54 0.05526
53 85 0.2331
53 89 0.819
53 58 0.1842
53 90 0.07051
74 75 1000
74 54 0.09424
74 55 1000
74 80 0.429
74 81 0.429
74 43 0.1124
74 85 0.1933
74 89 0.0648
74 34 0.1928
74 58 0.2584
74 90 0.4695
23 8 0.2108
23 11 0.2518
23 69 0.1032
23 18 0.1165
23 19 0.164
23 50 0.04496
23 51 0.04496
23 52 0.02446
23 72 0.02266
23 53 0.03561
23 74 0.02986
23 75 0.02374
23 54 0.0205
23 24 0.08633
23 4 0.03436
23 55 0.01942
23 76 0.03065
23 56 0.0295
23 77 0.00757
23 78 0.00757
23 41 0.1701
23 42 0.1247
23 79 0.06037
23 25 0.002878
23 80 0.01403
23 81 0.01403
23 26 0.08273
23 43 0.0497
23 47 0.1674
23 27 0.2432
23 83 0.07461
23 84 0.07461
23 39 0.1988
23 28 1000
23 29 1000
23 85 0.08023
23 30 0.2259
23 31 0.2259
23 59 0.2361
23 32 0.2018
23 44 0.09541
23 33 0.2572
23 88 0.01494
23 89 0.04892
23 34 0.1032
23 35 0.09964
23 57 0.02338
23 58 0.03957
23 90 0.007914
23 91 0.01714
23 48 0.05616
23 49 0.05616
23 36 0.484
23 37 0.484
23 92 0.4419
23 40 0.1478
23 5 1000
23 93 0.2133
23 38 0.6616
23 1 1000
23 2 1000
75 73 0.003448
75 54 0.4126
75 58 1000
54 73 0.002
54 4 0.09962
54 55 0.04829
54 41 0.02683
54 42 0.08002
54 25 0.02499
54 80 0.06643
54 81 0.06643
54 43 0.09221
54 85 0.08838
54 58 0.5087
24 52 0.2458
24 53 0.2476
24 74 0.138
24 75 0.1229
24 54 0.1319
24 4 0.5313
24 55 0.1241
24 76 0.04964
24 56 0.1001
24 41 0.1043
24 42 0.1338
24 25 0.07003
24 26 0.1752
24 43 0.07053
24 47 0.07423
24 27 0.06715
24 82 0.1035
24 39 0.1135
24 85 1000
24 30 0.953
24 31 0.953
24 32 0.2476
24 44 0.02181
24 33 0.5296
24 88 0.1497
24 89 0.3693
24 34 0.5971
24 35 1000
24 57 1000
24 58 0.1283
24 90 0.09759
24 91 0.08632
24 48 0.257
24 49 0.257
24 40 0.1812
24 5 0.05672
24 38 0.01379
24 1 0.01433
24 2 0.01433
4 52 0.1323
4 53 0.1043
4 74 0.1549
4 75 0.1319
4 55 0.1831
4 76 0.4641
4 56 0.5131
4 77 0.3915
4 78 0.3915
4 41 0.6596
4 42 1.294
4 79 1000
4 25 0.2296
4 80 0.1358
4 81 0.1358
4 26 0.8091
4 43 0.38
4 47 0.5574
4 27 0.7546
4 82 0.4149
4 83 0.002731
4 84 0.002731
4 39 0.3613
4 28 0.05222
4 29 0.05222
4 85 1000
4 30 0.6172
4 31 0.6172
4 59 0.01893
4 86 0.04974
4 87 1000
4 32 0.9356
4 44 0.2972
4 33 0.7284
4 88 0.5162
4 89 0.3049
4 34 0.4214
4 35 0.5597
4 57 0.2129
4 58 0.1232
4 90 0.06404
4 91 1000
4 48 1000
4 49 1000
4 36 0.2612
4 37 0.2612
4 92 0.0326
4 40 0.2196
4 5 0.04104
4 93 0.05225
4 38 0.01724
4 1 0.09728
4 2 0.09728
55 52 0.0398
55 53 0.005102
55 75 0.3735
55 76 0.6381
55 56 0.4812
55 25 0.578
55 80 0.7805
55 81 0.7805
55 43 0.574
55 47 0.2643
55 85 0.3242
55 44 1000
55 88 0.3366
55 89 0.1226
55 58 0.05
55 90 0.2504
76 15 0.0007353
76 17 0.02574
76 69 0.1897
76 52 0.1787
76 73 0.3985
76 53 0.2618
76 74 0.5199
76 75 0.4507
76 54 0.264
76 56 1000
76 77 0.3134
76 78 0.3134
76 41 0.1004
76 42 0.2554
76 79 0.3923
76 25 1000
76 80 0.824
76 81 0.824
76 26 0.2723
76 43 1000
76 47 1000
76 27 0.125
76 82 0.09997
76 83 0.05461
76 84 0.05461
76 39 0.1943
76 85 0.2022
76 30 0.09232
76 31 0.09232
76 86 0.1077
76 87 0.1144
76 32 0.1525
76 44 0.6547
76 33 0.09826
76 88 0.1778
76 89 0.3044
76 34 0.2897
76 35 0.1208
76 57 0.01409
76 58 0.3404
76 90 0.1809
76 91 0.2862
76 48 0.246
76 49 0.246
76 36 0.0772
76 37 0.0772
76 40 0.0754
76 38 0.01545
76 1 0.011
76 2 0.011
56 15 0.0007937
56 17 0.02222
56 65 0.02619
56 52 0.2619
56 53 0.2373
56 74 0.4151
56 75 0.373
56 54 0.2937
56 77 1000
56 78 1000
56 41 0.2189
56 42 0.9347
56 79 1000
56 25 1000
56 80 1.133
56 81 1.133
56 26 1000
56 43 1000
56 47 0.5379
56 27 0.1437
56 82 0.1299
56 39 0.07542
56 85 0.3408
56 30 0.1303
56 31 0.1303
56 59 0.02114
56 87 0.05549
56 32 0.6679
56 44 1000
56 33 0.1679
56 88 0.1032
56 89 0.2254
56 34 0.3807
56 35 0.2107
56 57 0.03639
56 58 0.323
56 90 0.2439
56 91 0.1415
56 48 0.1993
56 49 0.1993
56 36 0.03949
56 37 0.03949
56 92 0.08888
56 40 0.05686
56 5 0.006014
56 38 0.0085
56 1 0.0438
56 2 0.0438
77 13 0.05217
78 13 0.05217
78 14 0.05217
77 14 0.05217
77 15 0.002174
78 15 0.002174
77 69 0.3978
78 69 0.3978
77 18 0.08478
78 18 0.08478
77 19 0.3457
78 19 0.3457
77 20 0.008696
78 20 0.008696
78 21 0.008696
77 21 0.008696
77 22 0.163
78 22 0.163
77 50 0.3435
78 50 0.3435
78 51 0.3435
77 51 0.3435
77 52 0.3413
78 52 0.3413
77 72 0.3761
78 72 0.3761
77 53 0.2609
78 53 0.2609
77 74 0.3587
78 74 0.3587
77 75 0.3478
78 75 0.3478
77 54 0.3152
78 54 0.3152
77 24 0.1609
78 24 0.1609
77 55 0.3522
78 55 0.3522
77 78 1000
77 41 0.3152
78 41 0.3152
77 42 1000
78 42 1000
77 79 0.8386
78 79 0.8386
77 25 0.441
78 25 0.441
77 80 0.7333
78 80 0.7333
78 81 0.7333
77 81 0.7333
77 26 0.8089
78 26 0.8089
77 43 0.4659
78 43 0.4659
77 47 0.4862
78 47 0.4862
77 27 0.1761
78 27 0.1761
77 82 0.1635
78 82 0.1635
77 39 0.05856
78 39 0.05856
77 85 0.2908
78 85 0.2908
77 30 0.04783
78 30 0.04783
78 31 0.04783
77 31 0.04783
77 87 0.05461
78 87 0.05461
77 32 0.4073
78 32 0.4073
77 44 1000
78 44 1000
77 33 0.2152
78 33 0.2152
77 88 0.03913
78 88 0.03913
77 89 0.2196
78 89 0.2196
77 34 0.3891
78 34 0.3891
77 35 0.2717
78 35 0.2717
77 57 0.1087
78 57 0.1087
77 58 0.3457
78 58 0.3457
77 90 0.3196
78 90 0.3196
77 91 0.1453
78 91 0.1453
77 48 0.2002
78 48 0.2002
78 49 0.2002
77 49 0.2002
77 36 0.1304
78 36 0.1304
78 37 0.1304
77 37 0.1304
77 40 0.08326
78 40 0.08326
77 1 0.06306
78 1 0.06306
78 2 0.06306
77 2 0.06306
41 52 0.06931
41 53 0.02574
41 74 0.07921
41 75 0.06832
41 55 0.08218
41 42 0.3834
41 25 0.07447
41 26 0.1228
41 43 0.1745
41 47 0.1373
41 27 0.2911
41 39 0.1375
41 30 0.6078
41 31 0.6078
41 32 0.07498
41 44 0.08733
41 33 0.6842
41 88 0.04848
41 89 0.0396
41 34 0.01287
41 35 0.1575
41 57 0.1168
41 58 0.02772
41 90 0.0198
41 48 0.518
41 49 0.518
41 36 0.03539
41 37 0.03539
41 40 0.2193
41 5 0.1193
41 38 0.03126
41 1 0.09137
41 2 0.09137
42 19 0.6656
42 20 0.01313
42 21 0.01313
42 52 0.2425
42 53 0.1139
42 74 0.2247
42 75 0.127
42 55 0.3625
42 79 1000
42 25 0.1369
42 80 0.1657
42 81 0.1657
42 26 1000
42 43 0.5475
42 47 0.8834
42 27 0.127
42 82 0.5032
42 83 0.1895
42 84 0.1895
42 39 0.4723
42 85 0.8037
42 30 0.6529
42 31 0.6529
42 59 0.06441
42 86 0.1756
42 87 0.1063
42 32 1000
42 44 0.1503
42 33 0.6436
42 88 0.2258
42 89 0.5834
42 34 0.2228
42 35 0.1679
42 57 0.4639
42 58 0.04286
42 90 0.06988
42 91 0.2606
42 48 0.7793
42 49 0.7793
42 36 0.04351
42 37 0.04351
42 92 0.2801
42 40 0.6936
42 5 0.1449
42 93 0.1284
42 38 0.02069
42 1 0.6049
42 2 0.6049
79 69 0.4473
79 18 0.1598
79 19 0.4852
79 20 0.02485
79 21 0.02485
79 50 0.3024
79 51 0.3024
79 52 0.2663
79 72 0.3077
79 53 0.2124
79 74 0.2834
79 75 0.2615
79 54 0.2047
79 24 0.1858
79 55 0.2817
79 41 0.4071
79 25 0.2964
79 80 0.388
79 81 0.388
79 26 0.7003
79 43 0.4129
79 47 1000
79 27 0.3633
79 82 0.4451
79 83 0.2012
79 84 0.2012
79 39 1000
79 85 0.4169
79 30 0.1207
79 31 0.1207
79 59 0.05246
79 86 0.2086
79 87 0.1695
79 32 0.4598
79 44 0.3786
79 33 0.3775
79 88 0.09327
79 89 0.3172
79 34 0.3965
79 35 0.2805
79 57 0.1148
79 58 0.2657
79 90 0.1828
79 91 0.5152
79 48 0.6549
79 49 0.6549
79 36 0.1996
79 37 0.1996
79 92 0.2457
79 40 0.255
79 93 0.1139
79 38 0.02506
79 1 0.1072
79 2 0.1072
25 69 0.03448
25 52 0.01379
25 53 0.01609
25 74 0.123
25 75 0.08851
25 80 1.168
25 81 1.168
25 26 0.2372
25 43 1000
25 47 0.4957
25 27 0.0638
25 82 0.06309
25 39 0.103
25 85 0.1653
25 32 0.05272
25 44 0.4665
25 33 0.03483
25 88 0.183
25 89 0.07701
25 34 0.05747
25 35 0.1213
25 58 0.02644
25 90 0.02644
25 91 0.1325
25 48 0.1883
25 49 0.1883
25 36 0.02737
25 37 0.02737
25 40 0.02285
25 1 0.00863
25 2 0.00863
80 69 0.06619
81 69 0.06619
80 18 0.02302
81 18 0.02302
80 19 0.04173
81 19 0.04173
80 20 0.01655
81 20 0.01655
81 21 0.01655
80 21 0.01655
80 50 0.1986
81 50 0.1986
81 51 0.1986
80 51 0.1986
80 52 0.1662
81 52 0.1662
80 53 0.03022
81 53 0.03022
80 75 0.1921
81 75 0.1921
80 24 0.02878
81 24 0.02878
80 41 0.03597
81 41 0.03597
80 81 1000
80 26 1000
81 26 1000
80 43 1000
81 43 1000
80 47 0.7145
81 47 0.7145
80 27 0.02086
81 27 0.02086
80 82 0.07682
81 82 0.07682
80 83 0.189
81 83 0.189
81 84 0.189
80 84 0.189
80 39 0.1327
81 39 0.1327
80 85 0.3306
81 85 0.3306
80 30 0.01799
81 30 0.01799
81 31 0.01799
80 31 0.01799
80 59 0.08075
81 59 0.08075
80 86 0.1586
81 86 0.1586
80 87 0.09103
81 87 0.09103
80 32 0.05886
81 32 0.05886
80 44 1000
81 44 1000
80 33 0.02518
81 33 0.02518
80 88 0.01977
81 88 0.01977
80 89 0.3504
81 89 0.3504
80 34 0.08417
81 34 0.08417
80 35 0.02302
81 35 0.02302
80 57 0.007194
81 57 0.007194
80 58 0.123
81 58 0.123
80 90 0.2014
81 90 0.2014
80 91 0.1538
81 91 0.1538
80 48 0.1964
81 48 0.1964
81 49 0.1964
80 49 0.1964
80 36 0.02878
81 36 0.02878
81 37 0.02878
80 37 0.02878
80 92 0.211
81 92 0.211
80 40 0.05863
81 40 0.05863
80 93 0.03216
81 93 0.03216
80 38 0.02347
81 38 0.02347
80 1 0.01281
81 1 0.01281
81 2 0.01281
80 2 0.01281
26 52 0.4841
26 53 0.1602
26 74 0.5845
26 75 0.4386
26 54 0.3271
26 55 0.659
26 43 0.5446
26 47 0.6968
26 27 0.0695
26 82 0.455
26 39 0.2145
26 85 0.8157
26 30 0.405
26 31 0.405
26 87 0.06313
26 32 1000
26 44 0.6436
26 33 0.3829
26 88 0.2691
26 89 0.6426
26 34 0.6288
26 35 0.5223
26 57 0.5016
26 58 0.2626
26 90 0.2992
26 91 0.1502
26 48 0.5163
26 49 0.5163
26 40 0.2264
26 5 0.05246
26 1 0.1208
26 2 0.1208
43 52 0.05287
43 53 0.03448
43 75 0.07586
43 47 1000
43 27 0.1074
43 82 0.1165
43 39 0.2093
43 85 0.1834
43 30 0.1215
43 31 0.1215
43 87 0.1403
43 32 0.3053
43 44 0.495
43 33 0.07963
43 88 0.2765
43 89 0.07011
43 34 0.1024
43 35 0.1579
43 57 0.0208
43 58 0.06552
43 90 0.05517
43 91 0.2492
43 48 0.3144
43 49 0.3144
43 36 0.03751
43 37 0.03751
43 40 0.08157
43 38 0.01807
43 1 0.03195
43 2 0.03195
47 52 0.01265
47 53 0.02865
47 74 0.07498
47 75 0.03942
47 54 0.0352
47 27 0.1876
47 82 0.4904
47 83 1000
47 84 1000
47 39 1000
47 28 0.2751
47 29 0.2751
47 85 0.6025
47 30 0.1182
47 31 0.1182
47 59 0.421
47 86 1000
47 87 0.4037
47 32 0.4877
47 44 0.2235
47 33 0.2223
47 88 0.1152
47 89 0.1874
47 34 0.2594
47 35 0.1707
47 57 0.02784
47 58 0.0488
47 90 0.04656
47 91 0.5496
47 48 0.4736
47 49 0.4736
47 36 0.05518
47 37 0.05518
47 92 1000
47 40 0.2773
47 5 0.2436
47 93 0.136
47 38 0.1458
47 1 0.1892
47 2 0.1892
27 69 0.002721
27 52 0.05646
27 72 0.04728
27 53 0.05204
27 74 0.05272
27 75 0.05238
27 54 0.04762
27 55 0.0466
27 82 0.1202
27 39 0.3367
27 30 0.1727
27 31 0.1727
27 32 0.04932
27 44 0.03293
27 33 1000
27 88 0.09403
27 89 0.006122
27 34 0.02347
27 35 0.05644
27 57 0.05408
27 58 0.04966
27 90 0.03639
27 48 0.4933
27 49 0.4933
27 36 0.04331
27 37 0.04331
27 40 0.2358
27 5 0.266
27 38 0.1042
27 1 0.4737
27 2 0.4737
82 60 0.1657
82 12 0.1836
82 62 0.2092
82 13 0.1041
82 14 0.1041
82 15 0.03918
82 16 0.0809
82 17 0.04717
82 66 0.08733
82 3 0.00117
82 18 0.01189
82 19 0.1187
82 22 0.1524
82 52 0.01793
82 53 0.02749
82 74 0.04425
82 23 0.05789
82 75 0.03567
82 54 0.0308
82 55 0.05984
82 41 0.1304
82 83 1000
82 84 1000
82 39 1000
82 28 0.01754
82 29 0.01754
82 85 0.2971
82 30 0.06645
82 31 0.06645
82 59 1000
82 86 1000
82 87 1000
82 32 0.3282
82 44 0.0894
82 33 0.09883
82 88 0.2742
82 89 0.04113
82 34 0.1098
82 35 0.1248
82 57 0.04015
82 58 0.0269
82 90 0.005653
82 91 1000
82 48 1000
82 49 1000
82 36 0.09298
82 37 0.09298
82 92 1000
82 40 0.4171
82 5 0.08641
82 93 0.1623
82 38 0.3253
82 1 0.2233
82 2 0.2233
83 8 0.1157
84 8 0.1157
83 11 0.1773
84 11 0.1773
83 60 0.1682
84 60 0.1682
83 12 0.2537
84 12 0.2537
83 62 0.1897
84 62 0.1897
83 13 0.132
84 13 0.132
84 14 0.132
83 14 0.132
83 15 0.03851
84 15 0.03851
83 17 0.06069
84 17 0.06069
83 66 0.1001
84 66 0.1001
83 45 0.02316
84 45 0.02316
84 46 0.02316
83 46 0.02316
83 3 0.002396
84 3 0.002396
83 69 0.1859
84 69 0.1859
83 18 0.01542
84 18 0.01542
83 19 0.2012
84 19 0.2012
83 20 0.008047
84 20 0.008047
84 21 0.008047
83 21 0.008047
83 22 0.1588
84 22 0.1588
83 50 0.07856
84 50 0.07856
84 51 0.07856
83 51 0.07856
83 52 0.01634
84 52 0.01634
83 72 0.0637
84 72 0.0637
83 53 0.05854
84 53 0.05854
83 74 0.09595
84 74 0.09595
83 75 0.07402
84 75 0.07402
83 54 0.05166
84 54 0.05166
83 24 0.02746
84 24 0.02746
83 55 0.1042
84 55 0.1042
83 56 0.05418
84 56 0.05418
83 77 0.009705
84 77 0.009705
84 78 0.009705
83 78 0.009705
83 41 0.1733
84 41 0.1733
83 25 0.07402
84 25 0.07402
83 26 0.04023
84 26 0.04023
83 43 0.09367
84 43 0.09367
83 27 0.1505
84 27 0.1505
83 84 1000
83 39 1000
84 39 1000
83 28 0.02487
84 28 0.02487
84 29 0.02487
83 29 0.02487
83 85 0.2385
84 85 0.2385
83 30 0.06204
84 30 0.06204
84 31 0.06204
83 31 0.06204
83 59 1000
84 59 1000
83 86 1000
84 86 1000
83 87 1000
84 87 1000
83 32 0.163
84 32 0.163
83 44 0.1297
84 44 0.1297
83 33 0.1475
84 33 0.1475
83 88 0.05252
84 88 0.05252
83 89 0.1383
84 89 0.1383
83 34 0.1964
84 34 0.1964
83 35 0.05221
84 35 0.05221
83 57 0.001843
84 57 0.001843
83 58 0.07746
84 58 0.07746
83 90 0.008968
84 90 0.008968
83 91 0.2988
84 91 0.2988
83 48 0.0637
84 48 0.0637
84 49 0.0637
83 49 0.0637
83 36 0.1188
84 36 0.1188
84 37 0.1188
83 37 0.1188
83 92 1000
84 92 1000
83 40 0.3216
84 40 0.3216
83 5 0.186
84 5 0.186
83 93 0.1987
84 93 0.1987
83 38 0.4787
84 38 0.4787
83 1 0.3577
84 1 0.3577
84 2 0.3577
83 2 0.3577
39 50 0.06514
39 51 0.06514
39 52 0.03624
39 72 0.0594
39 53 0.06399
39 74 0.08326
39 75 0.06697
39 54 0.05803
39 55 0.1069
39 28 0.1488
39 29 0.1488
39 85 0.2145
39 30 0.1967
39 31 0.1967
39 59 0.3813
39 86 1000
39 87 1000
39 32 0.2776
39 44 0.1462
39 33 0.152
39 88 0.1592
39 89 0.06674
39 34 0.1745
39 35 0.09723
39 57 0.01504
39 58 0.06284
39 90 0.01376
39 91 1000
39 48 1000
39 49 1000
39 36 0.1548
39 37 0.1548
39 92 1000
39 40 1000
39 5 0.4519
39 93 1000
39 38 0.2605
39 1 0.2333
39 2 0.2333
28 8 0.3913
29 8 0.3913
28 60 0.296
29 60 0.296
28 61 0.1452
29 61 0.1452
28 62 0.1832
29 62 0.1832
28 63 0.05603
29 63 0.05603
28 64 0.02719
29 64 0.02719
28 66 0.0331
29 66 0.0331
28 69 0.1073
29 69 0.1073
28 18 0.1142
29 18 0.1142
28 19 0.2274
29 19 0.2274
28 20 0.1014
29 20 0.1014
29 21 0.1014
28 21 0.1014
28 70 0.00591
29 70 0.00591
28 50 0.07069
29 50 0.07069
29 51 0.07069
28 51 0.07069
28 52 0.0695
29 52 0.0695
28 71 0.007329
29 71 0.007329
28 72 0.04657
29 72 0.04657
28 73 0.007565
29 73 0.007565
28 53 0.0669
29 53 0.0669
28 74 0.06241
29 74 0.06241
28 75 0.06596
29 75 0.06596
28 54 0.05839
29 54 0.05839
28 24 0.07281
29 24 0.07281
28 55 0.02648
29 55 0.02648
28 76 0.01773
29 76 0.01773
28 56 0.009929
29 56 0.009929
28 77 0.01868
29 77 0.01868
29 78 0.01868
28 78 0.01868
28 41 0.2704
29 41 0.2704
28 42 0.1007
29 42 0.1007
28 79 0.07896
29 79 0.07896
28 25 0.01489
29 25 0.01489
28 80 0.01844
29 80 0.01844
29 81 0.01844
28 81 0.01844
28 26 0.1258
29 26 0.1258
28 43 0.05035
29 43 0.05035
28 27 0.387
29 27 0.387
28 29 1000
28 85 0.008747
29 85 0.008747
28 30 0.2248
29 30 0.2248
29 31 0.2248
28 31 0.2248
28 59 0.07368
29 59 0.07368
28 86 0.0007092
29 86 0.0007092
28 87 0.008957
29 87 0.008957
28 32 0.2352
29 32 0.2352
28 44 0.1634
29 44 0.1634
28 33 0.3099
29 33 0.3099
28 88 0.06052
29 88 0.06052
28 89 0.06714
29 89 0.06714
28 34 0.117
29 34 0.117
28 35 0.1189
29 35 0.1189
28 57 0.04184
29 57 0.04184
28 58 0.06761
29 58 0.06761
28 90 0.02719
29 90 0.02719
28 91 0.02506
29 91 0.02506
28 48 0.1239
29 48 0.1239
29 49 0.1239
28 49 0.1239
28 36 1000
29 36 1000
29 37 1000
28 37 1000
28 92 0.2517
29 92 0.2517
28 40 0.3705
29 40 0.3705
28 5 1000
29 5 1000
28 93 0.317
29 93 0.317
28 38 0.3734
29 38 0.3734
28 1 1000
29 1 1000
29 2 1000
28 2 1000
85 13 0.001203
85 14 0.001203
85 17 0.002577
85 52 0.2072
85 75 0.1751
85 41 0.0445
85 27 0.03797
85 30 1000
85 31 1000
85 59 0.07868
85 86 0.2092
85 87 0.06406
85 32 1000
85 44 0.2672
85 33 0.5004
85 88 1000
85 89 0.1974
85 34 0.6952
85 35 1000
85 57 1.009
85 58 0.1753
85 90 0.114
85 91 0.15
85 48 0.2474
85 49 0.2474
85 36 0.004467
85 37 0.004467
85 92 0.1901
85 40 0.2933
85 5 0.1315
85 93 0.01766
30 50 0.186
31 50 0.186
31 51 0.186
30 51 0.186
30 52 0.2054
31 52 0.2054
30 53 0.1923
31 53 0.1923
30 74 0.1851
31 74 0.1851
30 75 0.1869
31 75 0.1869
30 54 0.08784
31 54 0.08784
30 55 0.1541
31 55 0.1541
30 25 0.1014
31 25 0.1014
30 31 1000
30 32 0.4416
31 32 0.4416
30 44 0.02186
31 44 0.02186
30 33 1000
31 33 1000
30 88 0.1221
31 88 0.1221
30 89 0.002703
31 89 0.002703
30 34 0.01396
31 34 0.01396
30 35 0.3776
31 35 0.3776
30 57 0.4015
31 57 0.4015
30 58 0.1293
31 58 0.1293
30 90 0.08198
31 90 0.08198
30 48 0.1742
31 48 0.1742
31 49 0.1742
30 49 0.1742
30 36 0.01202
31 36 0.01202
31 37 0.01202
30 37 0.01202
30 40 0.1556
31 40 0.1556
30 5 0.2189
31 5 0.2189
30 1 0.1521
31 1 0.1521
31 2 0.1521
30 2 0.1521
59 60 0.05796
59 62 0.07482
59 63 0.07229
59 13 0.06691
59 14 0.06691
59 17 0.0628
59 69 0.05627
59 18 0.003161
59 19 0.07682
59 50 0.0216
59 51 0.0216
59 52 0.007798
59 72 0.02055
59 53 0.02244
59 74 0.02613
59 75 0.03277
59 54 0.01791
59 24 0.007798
59 55 0.0314
59 76 0.0236
59 77 0.001897
59 78 0.001897
59 41 0.06196
59 25 0.01907
59 26 0.01128
59 43 0.02381
59 27 0.02719
59 30 0.03193
59 31 0.03193
59 86 0.3299
59 87 0.4187
59 32 0.05067
59 44 0.04742
59 33 0.04668
59 88 0.03749
59 89 0.05806
59 34 0.08809
59 35 0.01486
59 57 0.001159
59 58 0.02476
59 90 0.003583
59 91 0.091
59 48 0.1339
59 49 0.1339
59 36 0.1008
59 37 0.1008
59 92 1000
59 40 0.2299
59 5 0.335
59 93 0.2366
59 38 1000
59 1 0.4026
59 2 0.4026
86 60 0.1498
86 13 0.06558
86 14 0.06558
86 15 0.005116
86 17 0.007907
86 65 0.06279
86 69 0.1702
86 18 0.004884
86 19 0.1563
86 20 0.001395
86 21 0.001395
86 22 0.1035
86 50 0.07442
86 51 0.07442
86 52 0.02372
86 72 0.0586
86 53 0.05279
86 74 0.1084
86 23 0.003488
86 75 0.09093
86 54 0.08326
86 24 0.0207
86 55 0.1437
86 56 0.05907
86 77 0.02116
86 78 0.02116
86 41 0.154
86 25 0.1128
86 26 0.03395
86 43 0.183
86 27 0.1767
86 30 0.04233
86 31 0.04233
86 87 0.5681
86 32 0.1321
86 44 0.1419
86 33 0.12
86 88 0.03488
86 89 0.1249
86 34 0.1574
86 35 0.04605
86 57 0.003953
86 58 0.08349
86 90 0.01674
86 91 1000
86 48 0.1427
86 49 0.1427
86 36 0.0486
86 37 0.0486
86 92 1000
86 40 0.2893
86 5 0.01118
86 93 0.02266
86 38 0.2077
86 1 0.1318
86 2 0.1318
87 60 0.1758
87 12 0.1857
87 62 0.1538
87 13 0.2033
87 14 0.2033
87 15 0.08791
87 16 0.1275
87 17 0.07253
87 3 0.01538
87 69 0.04945
87 18 0.02198
87 19 0.1209
87 20 0.00989
87 21 0.00989
87 22 0.2121
87 50 0.05055
87 51 0.05055
87 52 0.01758
87 72 0.03187
87 53 0.03297
87 74 0.04945
87 23 0.04505
87 75 0.06374
87 54 0.03736
87 24 0.02198
87 55 0.07912
87 41 0.1308
87 25 0.03736
87 27 0.1154
87 30 0.02527
87 31 0.02527
87 32 0.09341
87 44 0.09901
87 33 0.08681
87 88 0.03077
87 89 0.04066
87 34 0.08022
87 35 0.03516
87 57 0.003297
87 58 0.04725
87 90 0.004396
87 91 0.5836
87 48 0.3276
87 49 0.3276
87 36 0.1473
87 37 0.1473
87 92 1000
87 40 1000
87 5 0.01904
87 93 0.1765
87 38 0.1053
87 1 0.08681
87 2 0.08681
32 50 0.4194
32 51 0.4194
32 52 0.3847
32 53 0.2383
32 74 0.2898
32 75 0.1153
32 54 0.06684
32 55 0.3332
32 44 0.1037
32 33 0.3931
32 88 0.3097
32 89 0.6587
32 34 0.442
32 35 1000
32 57 0.6408
32 58 0.03673
32 90 0.09337
32 91 0.1963
32 48 1000
32 49 1000
32 36 0.02043
32 37 0.02043
32 40 0.2368
32 5 0.1006
32 1 0.09056
32 2 0.09056
44 69 0.025
44 19 0.02
44 50 0.327
44 51 0.327
44 52 0.331
44 53 0.089
44 74 0.655
44 75 0.47
44 54 0.172
44 33 0.02
44 88 0.016
44 89 0.295
44 34 0.08349
44 35 0.02336
44 57 0.02
44 58 0.301
44 90 0.5275
44 91 0.1504
44 48 0.3431
44 49 0.3431
44 36 0.0273
44 37 0.0273
44 92 0.1831
44 40 0.08315
44 1 0.02432
44 2 0.02432
33 52 0.06705
33 53 0.05057
33 74 0.04432
33 75 0.04034
33 54 0.05
33 55 0.06648
33 88 0.07204
33 89 0.006818
33 34 0.02742
33 35 0.3682
33 57 0.1567
33 58 0.03864
33 90 0.02727
33 48 0.3421
33 49 0.3421
33 40 0.1836
33 5 0.2391
33 38 0.05112
33 1 0.1945
33 2 0.1945
88 17 0.0003425
88 52 0.1558
88 71 0.0003425
88 53 0.3545
88 74 0.3507
88 75 0.3753
88 54 0.07055
88 89 0.3868
88 35 0.4931
88 57 0.1681
88 58 0.3949
88 90 0.07295
88 91 0.0296
88 48 0.1108
88 49 0.1108
88 36 0.01038
88 37 0.01038
88 40 0.2315
88 5 0.0327
89 52 0.1126
89 75 0.05455
89 54 0.02587
89 57 0.7232
89 58 0.1203
34 19 0.001961
34 50 0.3667
34 51 0.3667
34 52 0.3725
34 53 0.3137
34 75 0.1804
34 54 0.07843
34 55 0.102
34 88 0.08039
34 89 0.6765
34 35 1000
34 57 1000
34 58 0.1157
34 90 0.2045
35 52 0.5538
35 53 0.4353
35 74 0.3
35 75 0.2193
35 54 0.2025
35 55 0.1966
35 89 0.7773
35 57 1000
35 58 0.2378
35 90 0.195
35 48 0.3425
35 49 0.3425
35 40 0.2355
35 5 0.05773
57 70 0.007143
57 52 0.351
57 71 0.007143
57 73 0.03265
57 53 0.3714
57 74 0.1286
57 75 0.1133
57 54 0.05408
57 55 0.0898
57 25 0.005102
57 58 0.07449
57 90 0.1265
57 48 0.1654
57 49 0.1654
57 40 0.05018
57 5 0.02113
90 75 0.469
90 54 0.1931
90 89 0.03448
90 58 0.5414
91 60 0.2149
91 69 0.2018
91 18 0.0619
91 19 0.1851
91 20 0.01548
91 21 0.01548
91 50 0.07917
91 51 0.07917
91 52 0.03512
91 72 0.07619
91 53 0.09226
91 74 0.0881
91 75 0.09286
91 54 0.08095
91 55 0.1327
91 41 0.2339
91 27 0.1958
91 30 0.05179
91 31 0.05179
91 33 0.1667
91 89 0.103
91 34 0.1845
91 35 0.1173
91 57 0.0131
91 58 0.07738
91 90 0.02202
91 48 1000
91 49 1000
91 36 0.09881
91 37 0.09881
91 92 0.5084
91 40 0.226
91 93 0.1535
91 38 0.1098
91 1 0.0303
91 2 0.0303
48 70 0.1341
49 70 0.1341
48 50 0.2697
49 50 0.2697
49 51 0.2697
48 51 0.2697
48 52 0.1885
49 52 0.1885
48 71 0.1327
49 71 0.1327
48 72 0.2394
49 72 0.2394
48 73 0.1327
49 73 0.1327
48 53 0.2361
49 53 0.2361
48 74 0.1481
49 74 0.1481
48 75 0.1293
49 75 0.1293
48 54 0.1274
49 54 0.1274
48 55 0.2067
49 55 0.2067
48 89 0.2755
49 89 0.2755
48 34 0.4356
49 34 0.4356
48 58 0.1678
49 58 0.1678
48 90 0.08173
49 90 0.08173
48 49 1000
48 36 0.2924
49 36 0.2924
49 37 0.2924
48 37 0.2924
48 92 0.2747
49 92 0.2747
48 40 0.2151
49 40 0.2151
48 5 0.09622
49 5 0.09622
48 93 0.2197
49 93 0.2197
48 38 0.06753
49 38 0.06753
48 1 0.04584
49 1 0.04584
49 2 0.04584
48 2 0.04584
36 69 0.007299
37 69 0.007299
36 18 0.007299
37 18 0.007299
36 19 0.01606
37 19 0.01606
36 50 0.007299
37 50 0.007299
37 51 0.007299
36 51 0.007299
36 52 0.00219
37 52 0.00219
36 72 0.0007299
37 72 0.0007299
36 53 0.00292
37 53 0.00292
36 74 0.00365
37 74 0.00365
36 75 0.00365
37 75 0.00365
36 54 0.00365
37 54 0.00365
36 24 0.00438
37 24 0.00438
36 55 0.005839
37 55 0.005839
36 26 0.008759
37 26 0.008759
36 33 0.02117
37 33 0.02117
36 89 0.00146
37 89 0.00146
36 34 0.01022
37 34 0.01022
36 35 0.01022
37 35 0.01022
36 57 0.00146
37 57 0.00146
36 58 0.00438
37 58 0.00438
36 90 0.0007299
37 90 0.0007299
36 37 1000
36 40 0.3171
37 40 0.3171
36 5 0.4534
37 5 0.4534
36 93 0.3459
37 93 0.3459
36 38 0.08683
37 38 0.08683
36 1 0.4124
37 1 0.4124
37 2 0.4124
36 2 0.4124
92 60 0.3598
92 12 0.3959
92 62 0.3047
92 17 0.2908
92 69 0.2601
92 18 0.04187
92 19 0.2689
92 20 0.01259
92 21 0.01259
92 50 0.09165
92 51 0.09165
92 52 0.02588
92 72 0.06238
92 53 0.07044
92 74 0.111
92 75 0.1321
92 54 0.08685
92 24 0.03904
92 55 0.1433
92 76 0.1487
92 77 0.01669
92 78 0.01669
92 41 0.2805
92 25 0.1424
92 26 0.1011
92 43 0.16
92 27 0.2379
92 30 0.09279
92 31 0.09279
92 32 0.2588
92 33 0.2314
92 88 0.1228
92 89 0.1211
92 34 0.2702
92 35 0.07482
92 57 0.003253
92 58 0.0819
92 90 0.01103
92 36 0.3833
92 37 0.3833
92 40 1000
92 5 1000
92 93 1000
92 38 0.788
92 1 0.7229
92 2 0.7229
40 52 0.03134
40 53 0.03433
40 74 0.0194
40 75 0.04627
40 54 0.02388
40 55 0.04627
40 89 0.04328
40 34 0.04925
40 58 0.03134
40 90 0.008955
40 5 1000
40 93 1000
40 38 0.01488
40 1 0.1094
40 2 0.1094
5 8 0.1202
5 70 0.01127
5 50 0.03882
5 51 0.03882
5 52 0.03202
5 72 0.03524
5 73 0.01252
5 53 0.04168
5 74 0.03184
5 75 0.03399
5 54 0.03703
5 55 0.02165
5 76 0.02576
5 77 0.001789
5 78 0.001789
5 79 0.05635
5 25 0.01163
5 80 0.01896
5 81 0.01896
5 43 0.0347
5 44 0.05367
5 89 0.06816
5 34 0.0703
5 58 0.03345
5 90 0.008587
5 91 0.06941
5 93 1000
5 38 0.4236
5 1 1000
5 2 1000
93 60 0.3286
93 63 0.1429
93 69 0.1129
93 18 0.04143
93 19 0.1486
93 20 0.005714
93 21 0.005714
93 50 0.04714
93 51 0.04714
93 52 0.02714
93 71 0.01429
93 72 0.04143
93 73 0.02286
93 53 0.05571
93 74 0.04857
93 75 0.06286
93 54 0.05
93 24 0.04857
93 55 0.07857
93 76 0.05714
93 56 0.004286
93 77 0.005714
93 78 0.005714
93 41 0.1843
93 25 0.03429
93 26 0.07
93 43 0.07571
93 27 0.2329
93 30 0.07429
93 31 0.07429
93 32 0.1786
93 44 0.08286
93 33 0.1186
93 88 0.03
93 89 0.05571
93 34 0.1329
93 35 0.09714
93 57 0.02286
93 58 0.03143
93 90 0.008571
93 38 0.1594
93 1 0.1978
93 2 0.1978
38 60 0.02632
38 12 0.03957
38 62 0.0187
38 66 0.002632
38 69 0.01889
38 70 0.007707
38 50 0.006109
38 51 0.006109
38 52 0.00235
38 71 0.006861
38 72 0.005075
38 73 0.007613
38 53 0.004981
38 74 0.0109
38 75 0.009868
38 54 0.007143
38 55 0.01081
38 77 0.0004699
38 78 0.0004699
38 25 0.009305
38 26 0.005451
38 85 0.01805
38 30 0.04953
38 31 0.04953
38 32 0.02566
38 44 0.02058
38 88 0.005169
38 89 0.01062
38 34 0.02312
38 35 0.01203
38 57 0.000188
38 58 0.008083
38 90 0.0005639
38 1 0.6427
38 2 0.6427
1 8 0.03095
2 8 0.03095
1 70 0.0008759
2 70 0.0008759
1 50 0.006569
2 50 0.006569
2 51 0.006569
1 51 0.006569
1 52 0.003212
2 52 0.003212
1 71 0.000146
2 71 0.000146
1 72 0.004526
2 72 0.004526
1 73 0.0008759
2 73 0.0008759
1 53 0.006131
2 53 0.006131
1 74 0.003212
2 74 0.003212
1 75 0.002336
2 75 0.002336
1 54 0.002628
2 54 0.002628
1 55 0.00365
2 55 0.00365
1 85 0.007591
2 85 0.007591
1 88 0.006715
2 88 0.006715
1 89 0.01109
2 89 0.01109
1 34 0.01007
2 34 0.01007
1 35 0.008759
2 35 0.008759
1 57 0.001022
2 57 0.001022
1 58 0.002482
2 58 0.002482
1 90 0.0005839
2 90 0.0005839
1 2 1000
