98 4753 50
38 39 1000
38 73 0.2544
39 73 0.2544
39 74 0.2544
38 74 0.2544
38 68 0.0886
39 68 0.0886
39 69 0.0886
39 70 0.0886
38 69 0.0886
38 70 0.0886
38 75 0.008205
39 75 0.008205
39 76 0.008205
38 76 0.008205
38 13 0.2379
39 13 0.2379
39 14 0.2379
39 15 0.2379
38 14 0.2379
38 15 0.2379
38 71 0.153
39 71 0.153
39 72 0.153
38 72 0.153
38 40 0.2031
39 40 0.2031
38 16 0.3431
39 16 0.3431
39 17 0.3431
39 18 0.3431
38 17 0.3431
38 18 0.3431
38 54 0.1955
39 54 0.1955
39 55 0.1955
38 55 0.1955
38 41 0.2677
39 41 0.2677
39 42 0.2677
39 43 0.2677
38 42 0.2677
38 43 0.2677
38 19 0.4703
39 19 0.4703
39 20 0.4703
39 21 0.4703
39 22 0.4703
39 23 0.4703
39 24 0.4703
39 25 0.4703
39 26 0.4703
38 20 0.4703
38 21 0.4703
38 22 0.4703
38 23 0.4703
38 24 0.4703
38 25 0.4703
38 26 0.4703
38 56 0.1966
39 56 0.1966
39 57 0.1966
39 58 0.1966
38 57 0.1966
38 58 0.1966
38 59 0.2
39 59 0.2
39 60 0.2
39 61 0.2
38 60 0.2
38 61 0.2
38 44 0.3166
39 44 0.3166
39 45 0.3166
38 45 0.3166
38 62 0.005582
39 62 0.005582
38 46 0.06051
39 46 0.06051
38 10 0.5482
39 10 0.5482
39 11 0.5482
39 12 0.5482
38 11 0.5482
38 12 0.5482
38 27 0.3728
39 27 0.3728
39 28 0.3728
39 29 0.3728
38 28 0.3728
38 29 0.3728
38 3 0.3831
39 3 0.3831
39 4 0.3831
38 4 0.3831
38 63 0.06951
39 63 0.06951
39 64 0.06951
38 64 0.06951
38 65 0.1789
39 65 0.1789
38 30 0.4543
39 30 0.4543
39 31 0.4543
39 32 0.4543
38 31 0.4543
38 32 0.4543
38 77 0.01601
39 77 0.01601
38 47 0.2231
39 47 0.2231
39 48 0.2231
38 48 0.2231
38 33 0.6582
39 33 0.6582
38 49 1.414
39 49 1.414
39 50 1.414
39 51 1.414
38 50 1.414
38 51 1.414
38 52 0.2546
39 52 0.2546
39 53 0.2546
38 53 0.2546
38 34 0.3005
39 34 0.3005
39 35 0.3005
38 35 0.3005
38 36 0.6549
39 36 0.6549
38 5 0.4226
39 5 0.4226
39 6 0.4226
38 6 0.4226
38 37 0.8347
39 37 0.8347
38 7 0.6774
39 7 0.6774
39 8 0.6774
39 9 0.6774
38 8 0.6774
38 9 0.6774
38 1 0.5051
39 1 0.5051
39 2 0.5051
38 2 0.5051
73 74 1000
73 68 1000
74 68 1000
74 69 1000
74 70 1000
73 69 1000
73 70 1000
73 75 0.2553
74 75 0.2553
74 76 0.2553
73 76 0.2553
73 13 0.3503
74 13 0.3503
74 14 0.3503
74 15 0.3503
73 14 0.3503
73 15 0.3503
73 71 0.349
74 71 0.349
74 72 0.349
73 72 0.349
73 40 0.341
74 40 0.341
73 16 0.4508
74 16 0.4508
74 17 0.4508
74 18 0.4508
73 17 0.4508
73 18 0.4508
73 54 1000
74 54 1000
74 55 1000
73 55 1000
73 41 0.3738
74 41 0.3738
74 42 0.3738
74 43 0.3738
73 42 0.3738
73 43 0.3738
73 19 0.5256
74 19 0.5256
74 20 0.5256
74 21 0.5256
74 22 0.5256
74 23 0.5256
74 24 0.5256
74 25 0.5256
74 26 0.5256
73 20 0.5256
73 21 0.5256
73 22 0.5256
73 23 0.5256
73 24 0.5256
73 25 0.5256
73 26 0.5256
73 56 0.07289
74 56 0.07289
74 57 0.07289
74 58 0.07289
73 57 0.07289
73 58 0.07289
73 59 0.4041
74 59 0.4041
74 60 0.4041
74 61 0.4041
73 60 0.4041
73 61 0.4041
73 44 0.6592
74 44 0.6592
74 45 0.6592
73 45 0.6592
73 46 0.4015
74 46 0.4015
73 10 0.6579
74 10 0.6579
74 11 0.6579
74 12 0.6579
73 11 0.6579
73 12 0.6579
73 27 0.4226
74 27 0.4226
74 28 0.4226
74 29 0.4226
73 28 0.4226
73 29 0.4226
73 3 0.2374
74 3 0.2374
74 4 0.2374
73 4 0.2374
73 63 0.2775
74 63 0.2775
74 64 0.2775
73 64 0.2775
73 78 0.6863
74 78 0.6863
74 79 0.6863
73 79 0.6863
73 65 1.143
74 65 1.143
73 80 0.204
74 80 0.204
74 81 0.204
74 82 0.204
74 83 0.204
74 84 0.204
73 81 0.204
73 82 0.204
73 83 0.204
73 84 0.204
73 30 0.4394
74 30 0.4394
74 31 0.4394
74 32 0.4394
73 31 0.4394
73 32 0.4394
73 77 0.6305
74 77 0.6305
73 47 0.3256
74 47 0.3256
74 48 0.3256
73 48 0.3256
73 33 0.5056
74 33 0.5056
73 49 0.8604
74 49 0.8604
74 50 0.8604
74 51 0.8604
73 50 0.8604
73 51 0.8604
73 52 0.2954
74 52 0.2954
74 53 0.2954
73 53 0.2954
73 34 0.5815
74 34 0.5815
74 35 0.5815
73 35 0.5815
73 36 0.7441
74 36 0.7441
73 5 0.5779
74 5 0.5779
74 6 0.5779
73 6 0.5779
73 37 0.7318
74 37 0.7318
73 7 0.7579
74 7 0.7579
74 8 0.7579
74 9 0.7579
73 8 0.7579
73 9 0.7579
73 1 0.2826
74 1 0.2826
74 2 0.2826
73 2 0.2826
69 70 1000
68 69 1000
68 70 1000
68 75 0.1446
69 75 0.1446
70 75 0.1446
69 76 0.1446
70 76 0.1446
68 76 0.1446
68 13 0.01706
69 13 0.01706
70 13 0.01706
69 14 0.01706
69 15 0.01706
70 14 0.01706
70 15 0.01706
68 14 0.01706
68 15 0.01706
68 71 1000
69 71 1000
70 71 1000
69 72 1000
70 72 1000
68 72 1000
68 40 0.03765
69 40 0.03765
70 40 0.03765
68 16 0.1106
69 16 0.1106
70 16 0.1106
69 17 0.1106
69 18 0.1106
70 17 0.1106
70 18 0.1106
68 17 0.1106
68 18 0.1106
68 54 0.2998
69 54 0.2998
70 54 0.2998
69 55 0.2998
70 55 0.2998
68 55 0.2998
68 41 0.03851
69 41 0.03851
70 41 0.03851
69 42 0.03851
69 43 0.03851
70 42 0.03851
70 43 0.03851
68 42 0.03851
68 43 0.03851
68 19 0.1288
69 19 0.1288
70 19 0.1288
69 20 0.1288
69 21 0.1288
69 22 0.1288
69 23 0.1288
69 24 0.1288
69 25 0.1288
69 26 0.1288
70 20 0.1288
70 21 0.1288
70 22 0.1288
70 23 0.1288
70 24 0.1288
70 25 0.1288
70 26 0.1288
68 20 0.1288
68 21 0.1288
68 22 0.1288
68 23 0.1288
68 24 0.1288
68 25 0.1288
68 26 0.1288
68 56 1000
69 56 1000
70 56 1000
69 57 1000
69 58 1000
70 57 1000
70 58 1000
68 57 1000
68 58 1000
68 59 0.09529
69 59 0.09529
70 59 0.09529
69 60 0.09529
69 61 0.09529
70 60 0.09529
70 61 0.09529
68 60 0.09529
68 61 0.09529
68 44 1000
69 44 1000
70 44 1000
69 45 1000
70 45 1000
68 45 1000
68 62 0.198
69 62 0.198
70 62 0.198
68 46 0.1312
69 46 0.1312
70 46 0.1312
68 10 0.3147
69 10 0.3147
70 10 0.3147
69 11 0.3147
69 12 0.3147
70 11 0.3147
70 12 0.3147
68 11 0.3147
68 12 0.3147
68 27 0.1406
69 27 0.1406
70 27 0.1406
69 28 0.1406
69 29 0.1406
70 28 0.1406
70 29 0.1406
68 28 0.1406
68 29 0.1406
68 3 0.1041
69 3 0.1041
70 3 0.1041
69 4 0.1041
70 4 0.1041
68 4 0.1041
68 63 0.4401
69 63 0.4401
70 63 0.4401
69 64 0.4401
70 64 0.4401
68 64 0.4401
68 78 1000
69 78 1000
70 78 1000
69 79 1000
70 79 1000
68 79 1000
68 65 1000
69 65 1000
70 65 1000
68 30 0.827
69 30 0.827
70 30 0.827
69 31 0.827
69 32 0.827
70 31 0.827
70 32 0.827
68 31 0.827
68 32 0.827
68 66 0.1148
69 66 0.1148
70 66 0.1148
69 67 0.1148
70 67 0.1148
68 67 0.1148
68 85 0.06844
69 85 0.06844
70 85 0.06844
68 77 1000
69 77 1000
70 77 1000
68 47 0.03059
69 47 0.03059
70 47 0.03059
69 48 0.03059
70 48 0.03059
68 48 0.03059
68 33 0.1429
69 33 0.1429
70 33 0.1429
68 49 0.2441
69 49 0.2441
70 49 0.2441
69 50 0.2441
69 51 0.2441
70 50 0.2441
70 51 0.2441
68 50 0.2441
68 51 0.2441
68 52 1000
69 52 1000
70 52 1000
69 53 1000
70 53 1000
68 53 1000
68 34 0.2682
69 34 0.2682
70 34 0.2682
69 35 0.2682
70 35 0.2682
68 35 0.2682
68 36 0.4741
69 36 0.4741
70 36 0.4741
68 5 0.2018
69 5 0.2018
70 5 0.2018
69 6 0.2018
70 6 0.2018
68 6 0.2018
68 37 0.4735
69 37 0.4735
70 37 0.4735
68 7 0.5948
69 7 0.5948
70 7 0.5948
69 8 0.5948
69 9 0.5948
70 8 0.5948
70 9 0.5948
68 8 0.5948
68 9 0.5948
68 1 0.07706
69 1 0.07706
70 1 0.07706
69 2 0.07706
70 2 0.07706
68 2 0.07706
75 76 1000
75 13 0.07516
76 13 0.07516
76 14 0.07516
76 15 0.07516
75 14 0.07516
75 15 0.07516
75 86 1.014
76 86 1.014
75 71 0.8314
76 71 0.8314
76 72 0.8314
75 72 0.8314
75 40 0.007843
76 40 0.007843
75 16 0.01699
76 16 0.01699
76 17 0.01699
76 18 0.01699
75 17 0.01699
75 18 0.01699
75 54 0.2447
76 54 0.2447
76 55 0.2447
75 55 0.2447
75 41 0.01569
76 41 0.01569
76 42 0.01569
76 43 0.01569
75 42 0.01569
75 43 0.01569
75 19 0.01569
76 19 0.01569
76 20 0.01569
76 21 0.01569
76 22 0.01569
76 23 0.01569
76 24 0.01569
76 25 0.01569
76 26 0.01569
75 20 0.01569
75 21 0.01569
75 22 0.01569
75 23 0.01569
75 24 0.01569
75 25 0.01569
75 26 0.01569
75 59 0.1922
76 59 0.1922
76 60 0.1922
76 61 0.1922
75 60 0.1922
75 61 0.1922
75 44 0.5719
76 44 0.5719
76 45 0.5719
75 45 0.5719
75 46 0.03856
76 46 0.03856
75 10 0.2085
76 10 0.2085
76 11 0.2085
76 12 0.2085
75 11 0.2085
75 12 0.2085
75 27 0.09673
76 27 0.09673
76 28 0.09673
76 29 0.09673
75 28 0.09673
75 29 0.09673
75 3 0.004575
76 3 0.004575
76 4 0.004575
75 4 0.004575
75 63 0.2896
76 63 0.2896
76 64 0.2896
75 64 0.2896
75 78 0.8503
76 78 0.8503
76 79 0.8503
75 79 0.8503
75 80 0.5746
76 80 0.5746
76 81 0.5746
76 82 0.5746
76 83 0.5746
76 84 0.5746
75 81 0.5746
75 82 0.5746
75 83 0.5746
75 84 0.5746
75 77 1.014
76 77 1.014
75 93 0.1308
76 93 0.1308
76 94 0.1308
76 95 0.1308
75 94 0.1308
75 95 0.1308
75 47 0.05359
76 47 0.05359
76 48 0.05359
75 48 0.05359
75 33 0.0183
76 33 0.0183
75 34 0.09412
76 34 0.09412
76 35 0.09412
75 35 0.09412
75 36 0.3752
76 36 0.3752
75 5 0.1451
76 5 0.1451
76 6 0.1451
75 6 0.1451
75 37 0.2758
76 37 0.2758
75 7 0.5039
76 7 0.5039
76 8 0.5039
76 9 0.5039
75 8 0.5039
75 9 0.5039
75 1 0.001307
76 1 0.001307
76 2 0.001307
75 2 0.001307
14 15 1000
13 14 1000
13 15 1000
13 40 1000
14 40 1000
15 40 1000
13 16 1000
14 16 1000
15 16 1000
14 17 1000
14 18 1000
15 17 1000
15 18 1000
13 17 1000
13 18 1000
13 54 0.243
14 54 0.243
15 54 0.243
14 55 0.243
15 55 0.243
13 55 0.243
13 41 0.4267
14 41 0.4267
15 41 0.4267
14 42 0.4267
14 43 0.4267
15 42 0.4267
15 43 0.4267
13 42 0.4267
13 43 0.4267
13 19 0.577
14 19 0.577
15 19 0.577
14 20 0.577
14 21 0.577
14 22 0.577
14 23 0.577
14 24 0.577
14 25 0.577
14 26 0.577
15 20 0.577
15 21 0.577
15 22 0.577
15 23 0.577
15 24 0.577
15 25 0.577
15 26 0.577
13 20 0.577
13 21 0.577
13 22 0.577
13 23 0.577
13 24 0.577
13 25 0.577
13 26 0.577
13 59 0.06144
14 59 0.06144
15 59 0.06144
14 60 0.06144
14 61 0.06144
15 60 0.06144
15 61 0.06144
13 60 0.06144
13 61 0.06144
13 44 0.4846
14 44 0.4846
15 44 0.4846
14 45 0.4846
15 45 0.4846
13 45 0.4846
13 46 0.1379
14 46 0.1379
15 46 0.1379
13 10 1000
14 10 1000
15 10 1000
14 11 1000
14 12 1000
15 11 1000
15 12 1000
13 11 1000
13 12 1000
13 27 1000
14 27 1000
15 27 1000
14 28 1000
14 29 1000
15 28 1000
15 29 1000
13 28 1000
13 29 1000
13 3 0.416
14 3 0.416
15 3 0.416
14 4 0.416
15 4 0.416
13 4 0.416
13 63 0.267
14 63 0.267
15 63 0.267
14 64 0.267
15 64 0.267
13 64 0.267
13 30 0.1579
14 30 0.1579
15 30 0.1579
14 31 0.1579
14 32 0.1579
15 31 0.1579
15 32 0.1579
13 31 0.1579
13 32 0.1579
13 85 0.07727
14 85 0.07727
15 85 0.07727
13 47 1000
14 47 1000
15 47 1000
14 48 1000
15 48 1000
13 48 1000
13 33 0.03261
14 33 0.03261
15 33 0.03261
13 34 1000
14 34 1000
15 34 1000
14 35 1000
15 35 1000
13 35 1000
13 36 0.4577
14 36 0.4577
15 36 0.4577
13 5 0.2114
14 5 0.2114
15 5 0.2114
14 6 0.2114
15 6 0.2114
13 6 0.2114
13 37 0.06738
14 37 0.06738
15 37 0.06738
13 7 1000
14 7 1000
15 7 1000
14 8 1000
14 9 1000
15 8 1000
15 9 1000
13 8 1000
13 9 1000
13 1 0.1006
14 1 0.1006
15 1 0.1006
14 2 0.1006
15 2 0.1006
13 2 0.1006
86 38 0.1151
86 39 0.1151
86 73 0.2368
86 74 0.2368
86 68 0.6101
86 69 0.6101
86 70 0.6101
86 13 0.5526
86 14 0.5526
86 15 0.5526
86 71 1000
86 72 1000
86 40 0.3285
86 16 0.3408
86 17 0.3408
86 18 0.3408
86 54 0.3705
86 55 0.3705
86 41 0.2683
86 42 0.2683
86 43 0.2683
86 19 0.3141
86 20 0.3141
86 21 0.3141
86 22 0.3141
86 23 0.3141
86 24 0.3141
86 25 0.3141
86 26 0.3141
86 56 0.2244
86 57 0.2244
86 58 0.2244
86 59 0.6861
86 60 0.6861
86 61 0.6861
86 44 0.4693
86 45 0.4693
86 87 0.4259
86 88 0.4259
86 89 0.4259
86 90 0.4259
86 91 0.4259
86 92 0.4259
86 62 0.001008
86 46 0.6136
86 10 0.6955
86 11 0.6955
86 12 0.6955
86 27 0.6028
86 28 0.6028
86 29 0.6028
86 3 0.4023
86 4 0.4023
86 63 1000
86 64 1000
86 78 0.4543
86 79 0.4543
86 65 0.07355
86 80 0.2579
86 81 0.2579
86 82 0.2579
86 83 0.2579
86 84 0.2579
86 96 0.7931
86 97 0.7931
86 98 0.3339
86 30 0.1437
86 31 0.1437
86 32 0.1437
86 66 0.2411
86 67 0.2411
86 85 1000
86 77 0.367
86 93 1000
86 94 1000
86 95 1000
86 47 0.4736
86 48 0.4736
86 33 0.3484
86 49 0.1106
86 50 0.1106
86 51 0.1106
86 52 0.04156
86 53 0.04156
86 34 0.7164
86 35 0.7164
86 36 0.7441
86 5 0.662
86 6 0.662
86 37 0.7169
86 7 1000
86 8 1000
86 9 1000
86 1 0.3121
86 2 0.3121
71 13 0.3994
72 13 0.3994
72 14 0.3994
72 15 0.3994
71 14 0.3994
71 15 0.3994
71 72 1000
71 40 0.2747
72 40 0.2747
71 16 0.3595
72 16 0.3595
72 17 0.3595
72 18 0.3595
71 17 0.3595
71 18 0.3595
71 54 0.3492
72 54 0.3492
72 55 0.3492
71 55 0.3492
71 41 0.2734
72 41 0.2734
72 42 0.2734
72 43 0.2734
71 42 0.2734
71 43 0.2734
71 19 0.3573
72 19 0.3573
72 20 0.3573
72 21 0.3573
72 22 0.3573
72 23 0.3573
72 24 0.3573
72 25 0.3573
72 26 0.3573
71 20 0.3573
71 21 0.3573
71 22 0.3573
71 23 0.3573
71 24 0.3573
71 25 0.3573
71 26 0.3573
71 56 0.4677
72 56 0.4677
72 57 0.4677
72 58 0.4677
71 57 0.4677
71 58 0.4677
71 59 0.4937
72 59 0.4937
72 60 0.4937
72 61 0.4937
71 60 0.4937
71 61 0.4937
71 44 1000
72 44 1000
72 45 1000
71 45 1000
71 87 0.556
72 87 0.556
72 88 0.556
72 89 0.556
72 90 0.556
72 91 0.556
72 92 0.556
71 88 0.556
71 89 0.556
71 90 0.556
71 91 0.556
71 92 0.556
71 62 0.1435
72 62 0.1435
71 46 0.5937
72 46 0.5937
71 10 0.5984
72 10 0.5984
72 11 0.5984
72 12 0.5984
71 11 0.5984
71 12 0.5984
71 27 0.4801
72 27 0.4801
72 28 0.4801
72 29 0.4801
71 28 0.4801
71 29 0.4801
71 3 0.3718
72 3 0.3718
72 4 0.3718
71 4 0.3718
71 63 1000
72 63 1000
72 64 1000
71 64 1000
71 78 1000
72 78 1000
72 79 1000
71 79 1000
71 65 0.3612
72 65 0.3612
71 80 1000
72 80 1000
72 81 1000
72 82 1000
72 83 1000
72 84 1000
71 81 1000
71 82 1000
71 83 1000
71 84 1000
71 96 1000
72 96 1000
72 97 1000
71 97 1000
71 98 1.201
72 98 1.201
71 30 0.5863
72 30 0.5863
72 31 0.5863
72 32 0.5863
71 31 0.5863
71 32 0.5863
71 66 0.3896
72 66 0.3896
72 67 0.3896
71 67 0.3896
71 85 0.1428
72 85 0.1428
71 77 1000
72 77 1000
71 93 0.5258
72 93 0.5258
72 94 0.5258
72 95 0.5258
71 94 0.5258
71 95 0.5258
71 47 0.3601
72 47 0.3601
72 48 0.3601
71 48 0.3601
71 33 0.3373
72 33 0.3373
71 49 0.1864
72 49 0.1864
72 50 0.1864
72 51 0.1864
71 50 0.1864
71 51 0.1864
71 52 0.7796
72 52 0.7796
72 53 0.7796
71 53 0.7796
71 34 0.6101
72 34 0.6101
72 35 0.6101
71 35 0.6101
71 36 0.656
72 36 0.656
71 5 0.5551
72 5 0.5551
72 6 0.5551
71 6 0.5551
71 37 0.5997
72 37 0.5997
71 7 0.7373
72 7 0.7373
72 8 0.7373
72 9 0.7373
71 8 0.7373
71 9 0.7373
71 1 0.3006
72 1 0.3006
72 2 0.3006
71 2 0.3006
40 16 1000
40 17 1000
40 18 1000
40 41 0.8125
40 42 0.8125
40 43 0.8125
40 19 1000
40 20 1000
40 21 1000
40 22 1000
40 23 1000
40 24 1000
40 25 1000
40 26 1000
40 59 0.1047
40 60 0.1047
40 61 0.1047
40 46 0.0349
40 10 0.5867
40 11 0.5867
40 12 0.5867
40 27 0.4752
40 28 0.4752
40 29 0.4752
40 3 0.06309
40 4 0.06309
40 47 0.1931
40 48 0.1931
40 34 0.3944
40 35 0.3944
40 36 0.2197
40 5 0.03624
40 6 0.03624
40 37 0.04645
40 7 1000
40 8 1000
40 9 1000
40 1 0.01275
40 2 0.01275
17 18 1000
16 17 1000
16 18 1000
16 41 0.5902
17 41 0.5902
18 41 0.5902
17 42 0.5902
17 43 0.5902
18 42 0.5902
18 43 0.5902
16 42 0.5902
16 43 0.5902
16 19 1000
17 19 1000
18 19 1000
17 20 1000
17 21 1000
17 22 1000
17 23 1000
17 24 1000
17 25 1000
17 26 1000
18 20 1000
18 21 1000
18 22 1000
18 23 1000
18 24 1000
18 25 1000
18 26 1000
16 20 1000
16 21 1000
16 22 1000
16 23 1000
16 24 1000
16 25 1000
16 26 1000
16 59 1000
17 59 1000
18 59 1000
17 60 1000
17 61 1000
18 60 1000
18 61 1000
16 60 1000
16 61 1000
16 44 0.4622
17 44 0.4622
18 44 0.4622
17 45 0.4622
18 45 0.4622
16 45 0.4622
16 46 0.04083
17 46 0.04083
18 46 0.04083
16 10 1000
17 10 1000
18 10 1000
17 11 1000
17 12 1000
18 11 1000
18 12 1000
16 11 1000
16 12 1000
16 27 0.5227
17 27 0.5227
18 27 0.5227
17 28 0.5227
17 29 0.5227
18 28 0.5227
18 29 0.5227
16 28 0.5227
16 29 0.5227
16 3 0.2377
17 3 0.2377
18 3 0.2377
17 4 0.2377
18 4 0.2377
16 4 0.2377
16 30 0.195
17 30 0.195
18 30 0.195
17 31 0.195
17 32 0.195
18 31 0.195
18 32 0.195
16 31 0.195
16 32 0.195
16 47 0.06382
17 47 0.06382
18 47 0.06382
17 48 0.06382
18 48 0.06382
16 48 0.06382
16 33 0.1232
17 33 0.1232
18 33 0.1232
16 34 1000
17 34 1000
18 34 1000
17 35 1000
18 35 1000
16 35 1000
16 36 1000
17 36 1000
18 36 1000
16 5 0.1848
17 5 0.1848
18 5 0.1848
17 6 0.1848
18 6 0.1848
16 6 0.1848
16 37 0.3825
17 37 0.3825
18 37 0.3825
16 7 1000
17 7 1000
18 7 1000
17 8 1000
17 9 1000
18 8 1000
18 9 1000
16 8 1000
16 9 1000
16 1 0.2135
17 1 0.2135
18 1 0.2135
17 2 0.2135
18 2 0.2135
16 2 0.2135
54 40 0.3175
55 40 0.3175
54 16 0.3769
55 16 0.3769
55 17 0.3769
55 18 0.3769
54 17 0.3769
54 18 0.3769
54 55 1000
54 41 0.4315
55 41 0.4315
55 42 0.4315
55 43 0.4315
54 42 0.4315
54 43 0.4315
54 19 0.5161
55 19 0.5161
55 20 0.5161
55 21 0.5161
55 22 0.5161
55 23 0.5161
55 24 0.5161
55 25 0.5161
55 26 0.5161
54 20 0.5161
54 21 0.5161
54 22 0.5161
54 23 0.5161
54 24 0.5161
54 25 0.5161
54 26 0.5161
54 59 0.2441
55 59 0.2441
55 60 0.2441
55 61 0.2441
54 60 0.2441
54 61 0.2441
54 44 0.4162
55 44 0.4162
55 45 0.4162
54 45 0.4162
54 46 0.1811
55 46 0.1811
54 10 0.4035
55 10 0.4035
55 11 0.4035
55 12 0.4035
54 11 0.4035
54 12 0.4035
54 27 0.2108
55 27 0.2108
55 28 0.2108
55 29 0.2108
54 28 0.2108
54 29 0.2108
54 3 0.1091
55 3 0.1091
55 4 0.1091
54 4 0.1091
54 63 0.2569
55 63 0.2569
55 64 0.2569
54 64 0.2569
54 78 0.5504
55 78 0.5504
55 79 0.5504
54 79 0.5504
54 65 0.3488
55 65 0.3488
54 80 0.2057
55 80 0.2057
55 81 0.2057
55 82 0.2057
55 83 0.2057
55 84 0.2057
54 81 0.2057
54 82 0.2057
54 83 0.2057
54 84 0.2057
54 30 0.1821
55 30 0.1821
55 31 0.1821
55 32 0.1821
54 31 0.1821
54 32 0.1821
54 77 0.4912
55 77 0.4912
54 47 0.2652
55 47 0.2652
55 48 0.2652
54 48 0.2652
54 33 0.4091
55 33 0.4091
54 49 0.4722
55 49 0.4722
55 50 0.4722
55 51 0.4722
54 50 0.4722
54 51 0.4722
54 34 0.265
55 34 0.265
55 35 0.265
54 35 0.265
54 36 0.6538
55 36 0.6538
54 5 0.3371
55 5 0.3371
55 6 0.3371
54 6 0.3371
54 37 0.5818
55 37 0.5818
54 7 0.6213
55 7 0.6213
55 8 0.6213
55 9 0.6213
54 8 0.6213
54 9 0.6213
54 1 0.2413
55 1 0.2413
55 2 0.2413
54 2 0.2413
42 43 1000
41 42 1000
41 43 1000
41 19 1000
42 19 1000
43 19 1000
42 20 1000
42 21 1000
42 22 1000
42 23 1000
42 24 1000
42 25 1000
42 26 1000
43 20 1000
43 21 1000
43 22 1000
43 23 1000
43 24 1000
43 25 1000
43 26 1000
41 20 1000
41 21 1000
41 22 1000
41 23 1000
41 24 1000
41 25 1000
41 26 1000
41 59 0.3164
42 59 0.3164
43 59 0.3164
42 60 0.3164
42 61 0.3164
43 60 0.3164
43 61 0.3164
41 60 0.3164
41 61 0.3164
41 44 0.2959
42 44 0.2959
43 44 0.2959
42 45 0.2959
43 45 0.2959
41 45 0.2959
41 46 0.08621
42 46 0.08621
43 46 0.08621
41 10 0.4655
42 10 0.4655
43 10 0.4655
42 11 0.4655
42 12 0.4655
43 11 0.4655
43 12 0.4655
41 11 0.4655
41 12 0.4655
41 27 0.4055
42 27 0.4055
43 27 0.4055
42 28 0.4055
42 29 0.4055
43 28 0.4055
43 29 0.4055
41 28 0.4055
41 29 0.4055
41 3 0.1207
42 3 0.1207
43 3 0.1207
42 4 0.1207
43 4 0.1207
41 4 0.1207
41 30 0.06107
42 30 0.06107
43 30 0.06107
42 31 0.06107
42 32 0.06107
43 31 0.06107
43 32 0.06107
41 31 0.06107
41 32 0.06107
41 47 0.3342
42 47 0.3342
43 47 0.3342
42 48 0.3342
43 48 0.3342
41 48 0.3342
41 33 0.02016
42 33 0.02016
43 33 0.02016
41 34 0.3905
42 34 0.3905
43 34 0.3905
42 35 0.3905
43 35 0.3905
41 35 0.3905
41 36 1000
42 36 1000
43 36 1000
41 5 0.1905
42 5 0.1905
43 5 0.1905
42 6 0.1905
43 6 0.1905
41 6 0.1905
41 37 0.09052
42 37 0.09052
43 37 0.09052
41 7 0.7486
42 7 0.7486
43 7 0.7486
42 8 0.7486
42 9 0.7486
43 8 0.7486
43 9 0.7486
41 8 0.7486
41 9 0.7486
41 1 0.0681
42 1 0.0681
43 1 0.0681
42 2 0.0681
43 2 0.0681
41 2 0.0681
20 21 1000
20 22 1000
20 23 1000
20 24 1000
20 25 1000
20 26 1000
21 22 1000
21 23 1000
21 24 1000
21 25 1000
21 26 1000
22 23 1000
22 24 1000
22 25 1000
22 26 1000
23 24 1000
23 25 1000
23 26 1000
24 25 1000
24 26 1000
25 26 1000
19 20 1000
19 21 1000
19 22 1000
19 23 1000
19 24 1000
19 25 1000
19 26 1000
19 59 0.1676
20 59 0.1676
21 59 0.1676
22 59 0.1676
23 59 0.1676
24 59 0.1676
25 59 0.1676
26 59 0.1676
20 60 0.1676
20 61 0.1676
21 60 0.1676
21 61 0.1676
22 60 0.1676
22 61 0.1676
23 60 0.1676
23 61 0.1676
24 60 0.1676
24 61 0.1676
25 60 0.1676
25 61 0.1676
26 60 0.1676
26 61 0.1676
19 60 0.1676
19 61 0.1676
19 46 0.01676
20 46 0.01676
21 46 0.01676
22 46 0.01676
23 46 0.01676
24 46 0.01676
25 46 0.01676
26 46 0.01676
19 10 0.5579
20 10 0.5579
21 10 0.5579
22 10 0.5579
23 10 0.5579
24 10 0.5579
25 10 0.5579
26 10 0.5579
20 11 0.5579
20 12 0.5579
21 11 0.5579
21 12 0.5579
22 11 0.5579
22 12 0.5579
23 11 0.5579
23 12 0.5579
24 11 0.5579
24 12 0.5579
25 11 0.5579
25 12 0.5579
26 11 0.5579
26 12 0.5579
19 11 0.5579
19 12 0.5579
19 27 0.419
20 27 0.419
21 27 0.419
22 27 0.419
23 27 0.419
24 27 0.419
25 27 0.419
26 27 0.419
20 28 0.419
20 29 0.419
21 28 0.419
21 29 0.419
22 28 0.419
22 29 0.419
23 28 0.419
23 29 0.419
24 28 0.419
24 29 0.419
25 28 0.419
25 29 0.419
26 28 0.419
26 29 0.419
19 28 0.419
19 29 0.419
19 3 0.1353
20 3 0.1353
21 3 0.1353
22 3 0.1353
23 3 0.1353
24 3 0.1353
25 3 0.1353
26 3 0.1353
20 4 0.1353
21 4 0.1353
22 4 0.1353
23 4 0.1353
24 4 0.1353
25 4 0.1353
26 4 0.1353
19 4 0.1353
19 30 0.1811
20 30 0.1811
21 30 0.1811
22 30 0.1811
23 30 0.1811
24 30 0.1811
25 30 0.1811
26 30 0.1811
20 31 0.1811
20 32 0.1811
21 31 0.1811
21 32 0.1811
22 31 0.1811
22 32 0.1811
23 31 0.1811
23 32 0.1811
24 31 0.1811
24 32 0.1811
25 31 0.1811
25 32 0.1811
26 31 0.1811
26 32 0.1811
19 31 0.1811
19 32 0.1811
19 47 0.09353
20 47 0.09353
21 47 0.09353
22 47 0.09353
23 47 0.09353
24 47 0.09353
25 47 0.09353
26 47 0.09353
20 48 0.09353
21 48 0.09353
22 48 0.09353
23 48 0.09353
24 48 0.09353
25 48 0.09353
26 48 0.09353
19 48 0.09353
19 33 0.2186
20 33 0.2186
21 33 0.2186
22 33 0.2186
23 33 0.2186
24 33 0.2186
25 33 0.2186
26 33 0.2186
19 34 0.5272
20 34 0.5272
21 34 0.5272
22 34 0.5272
23 34 0.5272
24 34 0.5272
25 34 0.5272
26 34 0.5272
20 35 0.5272
21 35 0.5272
22 35 0.5272
23 35 0.5272
24 35 0.5272
25 35 0.5272
26 35 0.5272
19 35 0.5272
19 36 1000
20 36 1000
21 36 1000
22 36 1000
23 36 1000
24 36 1000
25 36 1000
26 36 1000
19 5 0.1906
20 5 0.1906
21 5 0.1906
22 5 0.1906
23 5 0.1906
24 5 0.1906
25 5 0.1906
26 5 0.1906
20 6 0.1906
21 6 0.1906
22 6 0.1906
23 6 0.1906
24 6 0.1906
25 6 0.1906
26 6 0.1906
19 6 0.1906
19 37 0.548
20 37 0.548
21 37 0.548
22 37 0.548
23 37 0.548
24 37 0.548
25 37 0.548
26 37 0.548
19 7 1000
20 7 1000
21 7 1000
22 7 1000
23 7 1000
24 7 1000
25 7 1000
26 7 1000
20 8 1000
20 9 1000
21 8 1000
21 9 1000
22 8 1000
22 9 1000
23 8 1000
23 9 1000
24 8 1000
24 9 1000
25 8 1000
25 9 1000
26 8 1000
26 9 1000
19 8 1000
19 9 1000
19 1 0.08794
20 1 0.08794
21 1 0.08794
22 1 0.08794
23 1 0.08794
24 1 0.08794
25 1 0.08794
26 1 0.08794
20 2 0.08794
21 2 0.08794
22 2 0.08794
23 2 0.08794
24 2 0.08794
25 2 0.08794
26 2 0.08794
19 2 0.08794
56 75 0.05714
57 75 0.05714
58 75 0.05714
57 76 0.05714
58 76 0.05714
56 76 0.05714
56 13 0.1861
57 13 0.1861
58 13 0.1861
57 14 0.1861
57 15 0.1861
58 14 0.1861
58 15 0.1861
56 14 0.1861
56 15 0.1861
56 40 0.08357
57 40 0.08357
58 40 0.08357
56 16 0.2568
57 16 0.2568
58 16 0.2568
57 17 0.2568
57 18 0.2568
58 17 0.2568
58 18 0.2568
56 17 0.2568
56 18 0.2568
56 54 0.03
57 54 0.03
58 54 0.03
57 55 0.03
58 55 0.03
56 55 0.03
56 41 0.06607
57 41 0.06607
58 41 0.06607
57 42 0.06607
57 43 0.06607
58 42 0.06607
58 43 0.06607
56 42 0.06607
56 43 0.06607
56 19 0.2136
57 19 0.2136
58 19 0.2136
57 20 0.2136
57 21 0.2136
57 22 0.2136
57 23 0.2136
57 24 0.2136
57 25 0.2136
57 26 0.2136
58 20 0.2136
58 21 0.2136
58 22 0.2136
58 23 0.2136
58 24 0.2136
58 25 0.2136
58 26 0.2136
56 20 0.2136
56 21 0.2136
56 22 0.2136
56 23 0.2136
56 24 0.2136
56 25 0.2136
56 26 0.2136
57 58 1000
56 57 1000
56 58 1000
56 59 0.2018
57 59 0.2018
58 59 0.2018
57 60 0.2018
57 61 0.2018
58 60 0.2018
58 61 0.2018
56 60 0.2018
56 61 0.2018
56 44 1000
57 44 1000
58 44 1000
57 45 1000
58 45 1000
56 45 1000
56 62 0.6181
57 62 0.6181
58 62 0.6181
56 46 0.2171
57 46 0.2171
58 46 0.2171
56 10 0.4275
57 10 0.4275
58 10 0.4275
57 11 0.4275
57 12 0.4275
58 11 0.4275
58 12 0.4275
56 11 0.4275
56 12 0.4275
56 27 0.2532
57 27 0.2532
58 27 0.2532
57 28 0.2532
57 29 0.2532
58 28 0.2532
58 29 0.2532
56 28 0.2532
56 29 0.2532
56 3 0.3164
57 3 0.3164
58 3 0.3164
57 4 0.3164
58 4 0.3164
56 4 0.3164
56 63 0.3338
57 63 0.3338
58 63 0.3338
57 64 0.3338
58 64 0.3338
56 64 0.3338
56 78 0.2659
57 78 0.2659
58 78 0.2659
57 79 0.2659
58 79 0.2659
56 79 0.2659
56 65 0.2925
57 65 0.2925
58 65 0.2925
56 80 0.3112
57 80 0.3112
58 80 0.3112
57 81 0.3112
57 82 0.3112
57 83 0.3112
57 84 0.3112
58 81 0.3112
58 82 0.3112
58 83 0.3112
58 84 0.3112
56 81 0.3112
56 82 0.3112
56 83 0.3112
56 84 0.3112
56 98 0.5055
57 98 0.5055
58 98 0.5055
56 30 1000
57 30 1000
58 30 1000
57 31 1000
57 32 1000
58 31 1000
58 32 1000
56 31 1000
56 32 1000
56 66 0.5011
57 66 0.5011
58 66 0.5011
57 67 0.5011
58 67 0.5011
56 67 0.5011
56 85 0.02074
57 85 0.02074
58 85 0.02074
56 77 0.1151
57 77 0.1151
58 77 0.1151
56 93 0.04904
57 93 0.04904
58 93 0.04904
57 94 0.04904
57 95 0.04904
58 94 0.04904
58 95 0.04904
56 94 0.04904
56 95 0.04904
56 47 0.07071
57 47 0.07071
58 47 0.07071
57 48 0.07071
58 48 0.07071
56 48 0.07071
56 33 0.2832
57 33 0.2832
58 33 0.2832
56 49 0.1472
57 49 0.1472
58 49 0.1472
57 50 0.1472
57 51 0.1472
58 50 0.1472
58 51 0.1472
56 50 0.1472
56 51 0.1472
56 52 1000
57 52 1000
58 52 1000
57 53 1000
58 53 1000
56 53 1000
56 34 0.3096
57 34 0.3096
58 34 0.3096
57 35 0.3096
58 35 0.3096
56 35 0.3096
56 36 0.5289
57 36 0.5289
58 36 0.5289
56 5 0.4221
57 5 0.4221
58 5 0.4221
57 6 0.4221
58 6 0.4221
56 6 0.4221
56 37 0.5311
57 37 0.5311
58 37 0.5311
56 7 0.6521
57 7 0.6521
58 7 0.6521
57 8 0.6521
57 9 0.6521
58 8 0.6521
58 9 0.6521
56 8 0.6521
56 9 0.6521
56 1 0.2775
57 1 0.2775
58 1 0.2775
57 2 0.2775
58 2 0.2775
56 2 0.2775
60 61 1000
59 60 1000
59 61 1000
59 46 0.3319
60 46 0.3319
61 46 0.3319
59 10 1000
60 10 1000
61 10 1000
60 11 1000
60 12 1000
61 11 1000
61 12 1000
59 11 1000
59 12 1000
59 27 0.004965
60 27 0.004965
61 27 0.004965
60 28 0.004965
60 29 0.004965
61 28 0.004965
61 29 0.004965
59 28 0.004965
59 29 0.004965
59 3 0.02178
60 3 0.02178
61 3 0.02178
60 4 0.02178
61 4 0.02178
59 4 0.02178
59 34 0.03531
60 34 0.03531
61 34 0.03531
60 35 0.03531
61 35 0.03531
59 35 0.03531
59 5 1000
60 5 1000
61 5 1000
60 6 1000
61 6 1000
59 6 1000
59 7 1000
60 7 1000
61 7 1000
60 8 1000
60 9 1000
61 8 1000
61 9 1000
59 8 1000
59 9 1000
59 1 1000
60 1 1000
61 1 1000
60 2 1000
61 2 1000
59 2 1000
44 40 0.3255
45 40 0.3255
44 19 0.4232
45 19 0.4232
45 20 0.4232
45 21 0.4232
45 22 0.4232
45 23 0.4232
45 24 0.4232
45 25 0.4232
45 26 0.4232
44 20 0.4232
44 21 0.4232
44 22 0.4232
44 23 0.4232
44 24 0.4232
44 25 0.4232
44 26 0.4232
44 59 0.6033
45 59 0.6033
45 60 0.6033
45 61 0.6033
44 60 0.6033
44 61 0.6033
44 45 1000
44 87 1000
45 87 1000
45 88 1000
45 89 1000
45 90 1000
45 91 1000
45 92 1000
44 88 1000
44 89 1000
44 90 1000
44 91 1000
44 92 1000
44 62 1000
45 62 1000
44 46 0.6494
45 46 0.6494
44 10 0.659
45 10 0.659
45 11 0.659
45 12 0.659
44 11 0.659
44 12 0.659
44 27 0.5512
45 27 0.5512
45 28 0.5512
45 29 0.5512
44 28 0.5512
44 29 0.5512
44 3 0.5068
45 3 0.5068
45 4 0.5068
44 4 0.5068
44 63 1000
45 63 1000
45 64 1000
44 64 1000
44 78 0.9925
45 78 0.9925
45 79 0.9925
44 79 0.9925
44 65 0.5906
45 65 0.5906
44 80 1000
45 80 1000
45 81 1000
45 82 1000
45 83 1000
45 84 1000
44 81 1000
44 82 1000
44 83 1000
44 84 1000
44 96 1000
45 96 1000
45 97 1000
44 97 1000
44 98 1000
45 98 1000
44 30 1000
45 30 1000
45 31 1000
45 32 1000
44 31 1000
44 32 1000
44 66 1000
45 66 1000
45 67 1000
44 67 1000
44 85 0.1308
45 85 0.1308
44 77 0.8153
45 77 0.8153
44 93 0.3945
45 93 0.3945
45 94 0.3945
45 95 0.3945
44 94 0.3945
44 95 0.3945
44 47 0.3773
45 47 0.3773
45 48 0.3773
44 48 0.3773
44 33 0.4747
45 33 0.4747
44 49 0.2443
45 49 0.2443
45 50 0.2443
45 51 0.2443
44 50 0.2443
44 51 0.2443
44 52 1000
45 52 1000
45 53 1000
44 53 1000
44 34 0.67
45 34 0.67
45 35 0.67
44 35 0.67
44 36 0.6792
45 36 0.6792
44 5 0.6518
45 5 0.6518
45 6 0.6518
44 6 0.6518
44 37 0.6562
45 37 0.6562
44 7 0.7937
45 7 0.7937
45 8 0.7937
45 9 0.7937
44 8 0.7937
44 9 0.7937
44 1 0.4651
45 1 0.4651
45 2 0.4651
44 2 0.4651
87 38 0.03344
88 38 0.03344
89 38 0.03344
90 38 0.03344
91 38 0.03344
92 38 0.03344
88 39 0.03344
89 39 0.03344
90 39 0.03344
91 39 0.03344
92 39 0.03344
87 39 0.03344
87 73 0.03839
88 73 0.03839
89 73 0.03839
90 73 0.03839
91 73 0.03839
92 73 0.03839
88 74 0.03839
89 74 0.03839
90 74 0.03839
91 74 0.03839
92 74 0.03839
87 74 0.03839
87 68 0.165
88 68 0.165
89 68 0.165
90 68 0.165
91 68 0.165
92 68 0.165
88 69 0.165
88 70 0.165
89 69 0.165
89 70 0.165
90 69 0.165
90 70 0.165
91 69 0.165
91 70 0.165
92 69 0.165
92 70 0.165
87 69 0.165
87 70 0.165
87 75 0.07492
88 75 0.07492
89 75 0.07492
90 75 0.07492
91 75 0.07492
92 75 0.07492
88 76 0.07492
89 76 0.07492
90 76 0.07492
91 76 0.07492
92 76 0.07492
87 76 0.07492
87 13 0.1164
88 13 0.1164
89 13 0.1164
90 13 0.1164
91 13 0.1164
92 13 0.1164
88 14 0.1164
88 15 0.1164
89 14 0.1164
89 15 0.1164
90 14 0.1164
90 15 0.1164
91 14 0.1164
91 15 0.1164
92 14 0.1164
92 15 0.1164
87 14 0.1164
87 15 0.1164
87 40 0.04985
88 40 0.04985
89 40 0.04985
90 40 0.04985
91 40 0.04985
92 40 0.04985
87 16 0.08452
88 16 0.08452
89 16 0.08452
90 16 0.08452
91 16 0.08452
92 16 0.08452
88 17 0.08452
88 18 0.08452
89 17 0.08452
89 18 0.08452
90 17 0.08452
90 18 0.08452
91 17 0.08452
91 18 0.08452
92 17 0.08452
92 18 0.08452
87 17 0.08452
87 18 0.08452
87 54 0.0418
88 54 0.0418
89 54 0.0418
90 54 0.0418
91 54 0.0418
92 54 0.0418
88 55 0.0418
89 55 0.0418
90 55 0.0418
91 55 0.0418
92 55 0.0418
87 55 0.0418
87 41 0.03994
88 41 0.03994
89 41 0.03994
90 41 0.03994
91 41 0.03994
92 41 0.03994
88 42 0.03994
88 43 0.03994
89 42 0.03994
89 43 0.03994
90 42 0.03994
90 43 0.03994
91 42 0.03994
91 43 0.03994
92 42 0.03994
92 43 0.03994
87 42 0.03994
87 43 0.03994
87 19 0.06409
88 19 0.06409
89 19 0.06409
90 19 0.06409
91 19 0.06409
92 19 0.06409
88 20 0.06409
88 21 0.06409
88 22 0.06409
88 23 0.06409
88 24 0.06409
88 25 0.06409
88 26 0.06409
89 20 0.06409
89 21 0.06409
89 22 0.06409
89 23 0.06409
89 24 0.06409
89 25 0.06409
89 26 0.06409
90 20 0.06409
90 21 0.06409
90 22 0.06409
90 23 0.06409
90 24 0.06409
90 25 0.06409
90 26 0.06409
91 20 0.06409
91 21 0.06409
91 22 0.06409
91 23 0.06409
91 24 0.06409
91 25 0.06409
91 26 0.06409
92 20 0.06409
92 21 0.06409
92 22 0.06409
92 23 0.06409
92 24 0.06409
92 25 0.06409
92 26 0.06409
87 20 0.06409
87 21 0.06409
87 22 0.06409
87 23 0.06409
87 24 0.06409
87 25 0.06409
87 26 0.06409
87 56 0.08514
88 56 0.08514
89 56 0.08514
90 56 0.08514
91 56 0.08514
92 56 0.08514
88 57 0.08514
88 58 0.08514
89 57 0.08514
89 58 0.08514
90 57 0.08514
90 58 0.08514
91 57 0.08514
91 58 0.08514
92 57 0.08514
92 58 0.08514
87 57 0.08514
87 58 0.08514
87 59 0.256
88 59 0.256
89 59 0.256
90 59 0.256
91 59 0.256
92 59 0.256
88 60 0.256
88 61 0.256
89 60 0.256
89 61 0.256
90 60 0.256
90 61 0.256
91 60 0.256
91 61 0.256
92 60 0.256
92 61 0.256
87 60 0.256
87 61 0.256
88 89 1000
88 90 1000
88 91 1000
88 92 1000
89 90 1000
89 91 1000
89 92 1000
90 91 1000
90 92 1000
91 92 1000
87 88 1000
87 89 1000
87 90 1000
87 91 1000
87 92 1000
87 62 1000
88 62 1000
89 62 1000
90 62 1000
91 62 1000
92 62 1000
87 46 0.1632
88 46 0.1632
89 46 0.1632
90 46 0.1632
91 46 0.1632
92 46 0.1632
87 10 0.3217
88 10 0.3217
89 10 0.3217
90 10 0.3217
91 10 0.3217
92 10 0.3217
88 11 0.3217
88 12 0.3217
89 11 0.3217
89 12 0.3217
90 11 0.3217
90 12 0.3217
91 11 0.3217
91 12 0.3217
92 11 0.3217
92 12 0.3217
87 11 0.3217
87 12 0.3217
87 27 0.08854
88 27 0.08854
89 27 0.08854
90 27 0.08854
91 27 0.08854
92 27 0.08854
88 28 0.08854
88 29 0.08854
89 28 0.08854
89 29 0.08854
90 28 0.08854
90 29 0.08854
91 28 0.08854
91 29 0.08854
92 28 0.08854
92 29 0.08854
87 28 0.08854
87 29 0.08854
87 3 0.07461
88 3 0.07461
89 3 0.07461
90 3 0.07461
91 3 0.07461
92 3 0.07461
88 4 0.07461
89 4 0.07461
90 4 0.07461
91 4 0.07461
92 4 0.07461
87 4 0.07461
87 63 1000
88 63 1000
89 63 1000
90 63 1000
91 63 1000
92 63 1000
88 64 1000
89 64 1000
90 64 1000
91 64 1000
92 64 1000
87 64 1000
87 78 0.1871
88 78 0.1871
89 78 0.1871
90 78 0.1871
91 78 0.1871
92 78 0.1871
88 79 0.1871
89 79 0.1871
90 79 0.1871
91 79 0.1871
92 79 0.1871
87 79 0.1871
87 65 0.03591
88 65 0.03591
89 65 0.03591
90 65 0.03591
91 65 0.03591
92 65 0.03591
87 96 0.7768
88 96 0.7768
89 96 0.7768
90 96 0.7768
91 96 0.7768
92 96 0.7768
88 97 0.7768
89 97 0.7768
90 97 0.7768
91 97 0.7768
92 97 0.7768
87 97 0.7768
87 98 0.5672
88 98 0.5672
89 98 0.5672
90 98 0.5672
91 98 0.5672
92 98 0.5672
87 30 0.04405
88 30 0.04405
89 30 0.04405
90 30 0.04405
91 30 0.04405
92 30 0.04405
88 31 0.04405
88 32 0.04405
89 31 0.04405
89 32 0.04405
90 31 0.04405
90 32 0.04405
91 31 0.04405
91 32 0.04405
92 31 0.04405
92 32 0.04405
87 31 0.04405
87 32 0.04405
87 66 1.067
88 66 1.067
89 66 1.067
90 66 1.067
91 66 1.067
92 66 1.067
88 67 1.067
89 67 1.067
90 67 1.067
91 67 1.067
92 67 1.067
87 67 1.067
87 85 0.5088
88 85 0.5088
89 85 0.5088
90 85 0.5088
91 85 0.5088
92 85 0.5088
87 77 0.1171
88 77 0.1171
89 77 0.1171
90 77 0.1171
91 77 0.1171
92 77 0.1171
87 93 0.4648
88 93 0.4648
89 93 0.4648
90 93 0.4648
91 93 0.4648
92 93 0.4648
88 94 0.4648
88 95 0.4648
89 94 0.4648
89 95 0.4648
90 94 0.4648
90 95 0.4648
91 94 0.4648
91 95 0.4648
92 94 0.4648
92 95 0.4648
87 94 0.4648
87 95 0.4648
87 47 0.06687
88 47 0.06687
89 47 0.06687
90 47 0.06687
91 47 0.06687
92 47 0.06687
88 48 0.06687
89 48 0.06687
90 48 0.06687
91 48 0.06687
92 48 0.06687
87 48 0.06687
87 33 0.06997
88 33 0.06997
89 33 0.06997
90 33 0.06997
91 33 0.06997
92 33 0.06997
87 49 0.03344
88 49 0.03344
89 49 0.03344
90 49 0.03344
91 49 0.03344
92 49 0.03344
88 50 0.03344
88 51 0.03344
89 50 0.03344
89 51 0.03344
90 50 0.03344
90 51 0.03344
91 50 0.03344
91 51 0.03344
92 50 0.03344
92 51 0.03344
87 50 0.03344
87 51 0.03344
87 52 0.1075
88 52 0.1075
89 52 0.1075
90 52 0.1075
91 52 0.1075
92 52 0.1075
88 53 0.1075
89 53 0.1075
90 53 0.1075
91 53 0.1075
92 53 0.1075
87 53 0.1075
87 34 0.2703
88 34 0.2703
89 34 0.2703
90 34 0.2703
91 34 0.2703
92 34 0.2703
88 35 0.2703
89 35 0.2703
90 35 0.2703
91 35 0.2703
92 35 0.2703
87 35 0.2703
87 36 0.3034
88 36 0.3034
89 36 0.3034
90 36 0.3034
91 36 0.3034
92 36 0.3034
87 5 0.3077
88 5 0.3077
89 5 0.3077
90 5 0.3077
91 5 0.3077
92 5 0.3077
88 6 0.3077
89 6 0.3077
90 6 0.3077
91 6 0.3077
92 6 0.3077
87 6 0.3077
87 37 0.2313
88 37 0.2313
89 37 0.2313
90 37 0.2313
91 37 0.2313
92 37 0.2313
87 7 0.57
88 7 0.57
89 7 0.57
90 7 0.57
91 7 0.57
92 7 0.57
88 8 0.57
88 9 0.57
89 8 0.57
89 9 0.57
90 8 0.57
90 9 0.57
91 8 0.57
91 9 0.57
92 8 0.57
92 9 0.57
87 8 0.57
87 9 0.57
87 1 0.1155
88 1 0.1155
89 1 0.1155
90 1 0.1155
91 1 0.1155
92 1 0.1155
88 2 0.1155
89 2 0.1155
90 2 0.1155
91 2 0.1155
92 2 0.1155
87 2 0.1155
62 73 0.0002959
62 74 0.0002959
62 75 0.005621
62 76 0.005621
62 13 0.0497
62 14 0.0497
62 15 0.0497
62 40 0.02278
62 16 0.07426
62 17 0.07426
62 18 0.07426
62 54 0.0008876
62 55 0.0008876
62 41 0.007692
62 42 0.007692
62 43 0.007692
62 19 0.04438
62 20 0.04438
62 21 0.04438
62 22 0.04438
62 23 0.04438
62 24 0.04438
62 25 0.04438
62 26 0.04438
62 59 0.2521
62 60 0.2521
62 61 0.2521
62 46 0.1228
62 10 0.2746
62 11 0.2746
62 12 0.2746
62 27 0.04941
62 28 0.04941
62 29 0.04941
62 3 0.03373
62 4 0.03373
62 63 0.3136
62 64 0.3136
62 78 0.0643
62 79 0.0643
62 65 0.001775
62 30 1.033
62 31 1.033
62 32 1.033
62 66 1000
62 67 1000
62 85 0.04172
62 77 0.00448
62 93 0.1459
62 94 0.1459
62 95 0.1459
62 47 0.02663
62 48 0.02663
62 33 0.0713
62 49 0.0008876
62 50 0.0008876
62 51 0.0008876
62 52 0.406
62 53 0.406
62 34 0.2024
62 35 0.2024
62 36 0.2902
62 5 0.2879
62 6 0.2879
62 37 0.2491
62 7 0.5172
62 8 0.5172
62 9 0.5172
62 1 0.1325
62 2 0.1325
46 27 0.2431
46 28 0.2431
46 29 0.2431
46 3 0.5552
46 4 0.5552
46 5 1.032
46 6 1.032
46 1 1.054
46 2 1.054
10 46 0.01224
11 46 0.01224
12 46 0.01224
11 12 1000
10 11 1000
10 12 1000
10 27 0.921
11 27 0.921
12 27 0.921
11 28 0.921
11 29 0.921
12 28 0.921
12 29 0.921
10 28 0.921
10 29 0.921
10 3 0.3625
11 3 0.3625
12 3 0.3625
11 4 0.3625
12 4 0.3625
10 4 0.3625
10 34 1000
11 34 1000
12 34 1000
11 35 1000
12 35 1000
10 35 1000
10 7 1000
11 7 1000
12 7 1000
11 8 1000
11 9 1000
12 8 1000
12 9 1000
10 8 1000
10 9 1000
10 1 0.8476
11 1 0.8476
12 1 0.8476
11 2 0.8476
12 2 0.8476
10 2 0.8476
28 29 1000
27 28 1000
27 29 1000
27 3 1000
28 3 1000
29 3 1000
28 4 1000
29 4 1000
27 4 1000
27 30 0.2694
28 30 0.2694
29 30 0.2694
28 31 0.2694
28 32 0.2694
29 31 0.2694
29 32 0.2694
27 31 0.2694
27 32 0.2694
27 47 0.2842
28 47 0.2842
29 47 0.2842
28 48 0.2842
29 48 0.2842
27 48 0.2842
27 33 0.009606
28 33 0.009606
29 33 0.009606
27 34 1000
28 34 1000
29 34 1000
28 35 1000
29 35 1000
27 35 1000
27 36 0.4812
28 36 0.4812
29 36 0.4812
27 5 0.3061
28 5 0.3061
29 5 0.3061
28 6 0.3061
29 6 0.3061
27 6 0.3061
27 37 0.02957
28 37 0.02957
29 37 0.02957
27 7 1000
28 7 1000
29 7 1000
28 8 1000
28 9 1000
29 8 1000
29 9 1000
27 8 1000
27 9 1000
27 1 0.1512
28 1 0.1512
29 1 0.1512
28 2 0.1512
29 2 0.1512
27 2 0.1512
3 4 1000
3 34 0.6734
4 34 0.6734
4 35 0.6734
3 35 0.6734
3 5 0.4722
4 5 0.4722
4 6 0.4722
3 6 0.4722
3 7 0.6272
4 7 0.6272
4 8 0.6272
4 9 0.6272
3 8 0.6272
3 9 0.6272
3 1 0.3611
4 1 0.3611
4 2 0.3611
3 2 0.3611
63 40 0.1094
64 40 0.1094
63 16 0.1646
64 16 0.1646
64 17 0.1646
64 18 0.1646
63 17 0.1646
63 18 0.1646
63 41 0.07797
64 41 0.07797
64 42 0.07797
64 43 0.07797
63 42 0.07797
63 43 0.07797
63 19 0.1416
64 19 0.1416
64 20 0.1416
64 21 0.1416
64 22 0.1416
64 23 0.1416
64 24 0.1416
64 25 0.1416
64 26 0.1416
63 20 0.1416
63 21 0.1416
63 22 0.1416
63 23 0.1416
63 24 0.1416
63 25 0.1416
63 26 0.1416
63 59 0.3831
64 59 0.3831
64 60 0.3831
64 61 0.3831
63 60 0.3831
63 61 0.3831
63 46 0.4992
64 46 0.4992
63 10 0.4753
64 10 0.4753
64 11 0.4753
64 12 0.4753
63 11 0.4753
63 12 0.4753
63 27 0.3561
64 27 0.3561
64 28 0.3561
64 29 0.3561
63 28 0.3561
63 29 0.3561
63 3 0.251
64 3 0.251
64 4 0.251
63 4 0.251
63 64 1000
63 78 0.6231
64 78 0.6231
64 79 0.6231
63 79 0.6231
63 65 0.06105
64 65 0.06105
63 80 0.5183
64 80 0.5183
64 81 0.5183
64 82 0.5183
64 83 0.5183
64 84 0.5183
63 81 0.5183
63 82 0.5183
63 83 0.5183
63 84 0.5183
63 96 1000
64 96 1000
64 97 1000
63 97 1000
63 98 0.7511
64 98 0.7511
63 30 0.168
64 30 0.168
64 31 0.168
64 32 0.168
63 31 0.168
63 32 0.168
63 66 0.4894
64 66 0.4894
64 67 0.4894
63 67 0.4894
63 85 1000
64 85 1000
63 77 0.4953
64 77 0.4953
63 93 0.5916
64 93 0.5916
64 94 0.5916
64 95 0.5916
63 94 0.5916
63 95 0.5916
63 47 0.1697
64 47 0.1697
64 48 0.1697
63 48 0.1697
63 33 0.1322
64 33 0.1322
63 49 0.03747
64 49 0.03747
64 50 0.03747
64 51 0.03747
63 50 0.03747
63 51 0.03747
63 52 0.2898
64 52 0.2898
64 53 0.2898
63 53 0.2898
63 34 0.4795
64 34 0.4795
64 35 0.4795
63 35 0.4795
63 36 0.4736
64 36 0.4736
63 5 0.4552
64 5 0.4552
64 6 0.4552
63 6 0.4552
63 37 0.3855
64 37 0.3855
63 7 0.6567
64 7 0.6567
64 8 0.6567
64 9 0.6567
63 8 0.6567
63 9 0.6567
63 1 0.1887
64 1 0.1887
64 2 0.1887
63 2 0.1887
78 38 0.1049
79 38 0.1049
79 39 0.1049
78 39 0.1049
78 13 0.3146
79 13 0.3146
79 14 0.3146
79 15 0.3146
78 14 0.3146
78 15 0.3146
78 40 0.2323
79 40 0.2323
78 16 0.311
79 16 0.311
79 17 0.311
79 18 0.311
78 17 0.311
78 18 0.311
78 41 0.2476
79 41 0.2476
79 42 0.2476
79 43 0.2476
78 42 0.2476
78 43 0.2476
78 19 0.3287
79 19 0.3287
79 20 0.3287
79 21 0.3287
79 22 0.3287
79 23 0.3287
79 24 0.3287
79 25 0.3287
79 26 0.3287
78 20 0.3287
78 21 0.3287
78 22 0.3287
78 23 0.3287
78 24 0.3287
78 25 0.3287
78 26 0.3287
78 59 0.3768
79 59 0.3768
79 60 0.3768
79 61 0.3768
78 60 0.3768
78 61 0.3768
78 46 0.3841
79 46 0.3841
78 10 0.5037
79 10 0.5037
79 11 0.5037
79 12 0.5037
78 11 0.5037
78 12 0.5037
78 27 0.3348
79 27 0.3348
79 28 0.3348
79 29 0.3348
78 28 0.3348
78 29 0.3348
78 3 0.2793
79 3 0.2793
79 4 0.2793
78 4 0.2793
78 79 1000
78 65 1000
79 65 1000
78 80 0.8986
79 80 0.8986
79 81 0.8986
79 82 0.8986
79 83 0.8986
79 84 0.8986
78 81 0.8986
78 82 0.8986
78 83 0.8986
78 84 0.8986
78 98 0.5981
79 98 0.5981
78 30 0.4106
79 30 0.4106
79 31 0.4106
79 32 0.4106
78 31 0.4106
78 32 0.4106
78 66 0.1993
79 66 0.1993
79 67 0.1993
78 67 0.1993
78 85 0.02756
79 85 0.02756
78 77 1000
79 77 1000
78 93 0.1985
79 93 0.1985
79 94 0.1985
79 95 0.1985
78 94 0.1985
78 95 0.1985
78 47 0.289
79 47 0.289
79 48 0.289
78 48 0.289
78 33 0.303
79 33 0.303
78 49 0.1683
79 49 0.1683
79 50 0.1683
79 51 0.1683
78 50 0.1683
78 51 0.1683
78 52 0.6335
79 52 0.6335
79 53 0.6335
78 53 0.6335
78 34 0.4439
79 34 0.4439
79 35 0.4439
78 35 0.4439
78 36 0.6226
79 36 0.6226
78 5 0.4305
79 5 0.4305
79 6 0.4305
78 6 0.4305
78 37 0.5939
79 37 0.5939
78 7 0.6793
79 7 0.6793
79 8 0.6793
79 9 0.6793
78 8 0.6793
78 9 0.6793
78 1 0.225
79 1 0.225
79 2 0.225
78 2 0.225
65 75 0.06813
65 76 0.06813
65 13 0.01429
65 14 0.01429
65 15 0.01429
65 40 0.01429
65 16 0.07473
65 17 0.07473
65 18 0.07473
65 41 0.02857
65 42 0.02857
65 43 0.02857
65 19 0.08242
65 20 0.08242
65 21 0.08242
65 22 0.08242
65 23 0.08242
65 24 0.08242
65 25 0.08242
65 26 0.08242
65 59 0.03736
65 60 0.03736
65 61 0.03736
65 46 0.1341
65 10 0.2297
65 11 0.2297
65 12 0.2297
65 27 0.06923
65 28 0.06923
65 29 0.06923
65 3 0.02857
65 4 0.02857
65 30 0.303
65 31 0.303
65 32 0.303
65 77 0.5767
65 47 0.02088
65 48 0.02088
65 33 0.06813
65 49 0.2847
65 50 0.2847
65 51 0.2847
65 52 1.133
65 53 1.133
65 34 0.2209
65 35 0.2209
65 36 0.3571
65 5 0.1637
65 6 0.1637
65 37 0.3066
65 7 0.3945
65 8 0.3945
65 9 0.3945
65 1 0.02747
65 2 0.02747
80 38 0.04783
81 38 0.04783
82 38 0.04783
83 38 0.04783
84 38 0.04783
81 39 0.04783
82 39 0.04783
83 39 0.04783
84 39 0.04783
80 39 0.04783
80 68 0.6076
81 68 0.6076
82 68 0.6076
83 68 0.6076
84 68 0.6076
81 69 0.6076
81 70 0.6076
82 69 0.6076
82 70 0.6076
83 69 0.6076
83 70 0.6076
84 69 0.6076
84 70 0.6076
80 69 0.6076
80 70 0.6076
80 13 0.3087
81 13 0.3087
82 13 0.3087
83 13 0.3087
84 13 0.3087
81 14 0.3087
81 15 0.3087
82 14 0.3087
82 15 0.3087
83 14 0.3087
83 15 0.3087
84 14 0.3087
84 15 0.3087
80 14 0.3087
80 15 0.3087
80 40 0.1707
81 40 0.1707
82 40 0.1707
83 40 0.1707
84 40 0.1707
80 16 0.2587
81 16 0.2587
82 16 0.2587
83 16 0.2587
84 16 0.2587
81 17 0.2587
81 18 0.2587
82 17 0.2587
82 18 0.2587
83 17 0.2587
83 18 0.2587
84 17 0.2587
84 18 0.2587
80 17 0.2587
80 18 0.2587
80 41 0.1598
81 41 0.1598
82 41 0.1598
83 41 0.1598
84 41 0.1598
81 42 0.1598
81 43 0.1598
82 42 0.1598
82 43 0.1598
83 42 0.1598
83 43 0.1598
84 42 0.1598
84 43 0.1598
80 42 0.1598
80 43 0.1598
80 19 0.2543
81 19 0.2543
82 19 0.2543
83 19 0.2543
84 19 0.2543
81 20 0.2543
81 21 0.2543
81 22 0.2543
81 23 0.2543
81 24 0.2543
81 25 0.2543
81 26 0.2543
82 20 0.2543
82 21 0.2543
82 22 0.2543
82 23 0.2543
82 24 0.2543
82 25 0.2543
82 26 0.2543
83 20 0.2543
83 21 0.2543
83 22 0.2543
83 23 0.2543
83 24 0.2543
83 25 0.2543
83 26 0.2543
84 20 0.2543
84 21 0.2543
84 22 0.2543
84 23 0.2543
84 24 0.2543
84 25 0.2543
84 26 0.2543
80 20 0.2543
80 21 0.2543
80 22 0.2543
80 23 0.2543
80 24 0.2543
80 25 0.2543
80 26 0.2543
80 59 0.3098
81 59 0.3098
82 59 0.3098
83 59 0.3098
84 59 0.3098
81 60 0.3098
81 61 0.3098
82 60 0.3098
82 61 0.3098
83 60 0.3098
83 61 0.3098
84 60 0.3098
84 61 0.3098
80 60 0.3098
80 61 0.3098
80 87 0.2522
81 87 0.2522
82 87 0.2522
83 87 0.2522
84 87 0.2522
81 88 0.2522
81 89 0.2522
81 90 0.2522
81 91 0.2522
81 92 0.2522
82 88 0.2522
82 89 0.2522
82 90 0.2522
82 91 0.2522
82 92 0.2522
83 88 0.2522
83 89 0.2522
83 90 0.2522
83 91 0.2522
83 92 0.2522
84 88 0.2522
84 89 0.2522
84 90 0.2522
84 91 0.2522
84 92 0.2522
80 88 0.2522
80 89 0.2522
80 90 0.2522
80 91 0.2522
80 92 0.2522
80 62 0.1207
81 62 0.1207
82 62 0.1207
83 62 0.1207
84 62 0.1207
80 46 0.4826
81 46 0.4826
82 46 0.4826
83 46 0.4826
84 46 0.4826
80 10 0.4641
81 10 0.4641
82 10 0.4641
83 10 0.4641
84 10 0.4641
81 11 0.4641
81 12 0.4641
82 11 0.4641
82 12 0.4641
83 11 0.4641
83 12 0.4641
84 11 0.4641
84 12 0.4641
80 11 0.4641
80 12 0.4641
80 27 0.288
81 27 0.288
82 27 0.288
83 27 0.288
84 27 0.288
81 28 0.288
81 29 0.288
82 28 0.288
82 29 0.288
83 28 0.288
83 29 0.288
84 28 0.288
84 29 0.288
80 28 0.288
80 29 0.288
80 3 0.2315
81 3 0.2315
82 3 0.2315
83 3 0.2315
84 3 0.2315
81 4 0.2315
82 4 0.2315
83 4 0.2315
84 4 0.2315
80 4 0.2315
80 65 0.3815
81 65 0.3815
82 65 0.3815
83 65 0.3815
84 65 0.3815
81 82 1000
81 83 1000
81 84 1000
82 83 1000
82 84 1000
83 84 1000
80 81 1000
80 82 1000
80 83 1000
80 84 1000
80 96 1000
81 96 1000
82 96 1000
83 96 1000
84 96 1000
81 97 1000
82 97 1000
83 97 1000
84 97 1000
80 97 1000
80 98 1000
81 98 1000
82 98 1000
83 98 1000
84 98 1000
80 30 0.4783
81 30 0.4783
82 30 0.4783
83 30 0.4783
84 30 0.4783
81 31 0.4783
81 32 0.4783
82 31 0.4783
82 32 0.4783
83 31 0.4783
83 32 0.4783
84 31 0.4783
84 32 0.4783
80 31 0.4783
80 32 0.4783
80 66 0.4239
81 66 0.4239
82 66 0.4239
83 66 0.4239
84 66 0.4239
81 67 0.4239
82 67 0.4239
83 67 0.4239
84 67 0.4239
80 67 0.4239
80 85 0.05217
81 85 0.05217
82 85 0.05217
83 85 0.05217
84 85 0.05217
80 77 0.8419
81 77 0.8419
82 77 0.8419
83 77 0.8419
84 77 0.8419
80 93 0.2587
81 93 0.2587
82 93 0.2587
83 93 0.2587
84 93 0.2587
81 94 0.2587
81 95 0.2587
82 94 0.2587
82 95 0.2587
83 94 0.2587
83 95 0.2587
84 94 0.2587
84 95 0.2587
80 94 0.2587
80 95 0.2587
80 47 0.2239
81 47 0.2239
82 47 0.2239
83 47 0.2239
84 47 0.2239
81 48 0.2239
82 48 0.2239
83 48 0.2239
84 48 0.2239
80 48 0.2239
80 33 0.2141
81 33 0.2141
82 33 0.2141
83 33 0.2141
84 33 0.2141
80 49 0.07391
81 49 0.07391
82 49 0.07391
83 49 0.07391
84 49 0.07391
81 50 0.07391
81 51 0.07391
82 50 0.07391
82 51 0.07391
83 50 0.07391
83 51 0.07391
84 50 0.07391
84 51 0.07391
80 50 0.07391
80 51 0.07391
80 52 0.5543
81 52 0.5543
82 52 0.5543
83 52 0.5543
84 52 0.5543
81 53 0.5543
82 53 0.5543
83 53 0.5543
84 53 0.5543
80 53 0.5543
80 34 0.4804
81 34 0.4804
82 34 0.4804
83 34 0.4804
84 34 0.4804
81 35 0.4804
82 35 0.4804
83 35 0.4804
84 35 0.4804
80 35 0.4804
80 36 0.5446
81 36 0.5446
82 36 0.5446
83 36 0.5446
84 36 0.5446
80 5 0.4196
81 5 0.4196
82 5 0.4196
83 5 0.4196
84 5 0.4196
81 6 0.4196
82 6 0.4196
83 6 0.4196
84 6 0.4196
80 6 0.4196
80 37 0.4783
81 37 0.4783
82 37 0.4783
83 37 0.4783
84 37 0.4783
80 7 0.6435
81 7 0.6435
82 7 0.6435
83 7 0.6435
84 7 0.6435
81 8 0.6435
81 9 0.6435
82 8 0.6435
82 9 0.6435
83 8 0.6435
83 9 0.6435
84 8 0.6435
84 9 0.6435
80 8 0.6435
80 9 0.6435
80 1 0.2141
81 1 0.2141
82 1 0.2141
83 1 0.2141
84 1 0.2141
81 2 0.2141
82 2 0.2141
83 2 0.2141
84 2 0.2141
80 2 0.2141
96 38 0.001408
97 38 0.001408
97 39 0.001408
96 39 0.001408
96 73 0.08169
97 73 0.08169
97 74 0.08169
96 74 0.08169
96 68 0.5437
97 68 0.5437
97 69 0.5437
97 70 0.5437
96 69 0.5437
96 70 0.5437
96 75 0.407
97 75 0.407
97 76 0.407
96 76 0.407
96 13 0.3437
97 13 0.3437
97 14 0.3437
97 15 0.3437
96 14 0.3437
96 15 0.3437
96 40 0.1225
97 40 0.1225
96 16 0.2451
97 16 0.2451
97 17 0.2451
97 18 0.2451
96 17 0.2451
96 18 0.2451
96 54 0.1113
97 54 0.1113
97 55 0.1113
96 55 0.1113
96 41 0.1141
97 41 0.1141
97 42 0.1141
97 43 0.1141
96 42 0.1141
96 43 0.1141
96 19 0.2338
97 19 0.2338
97 20 0.2338
97 21 0.2338
97 22 0.2338
97 23 0.2338
97 24 0.2338
97 25 0.2338
97 26 0.2338
96 20 0.2338
96 21 0.2338
96 22 0.2338
96 23 0.2338
96 24 0.2338
96 25 0.2338
96 26 0.2338
96 56 0.1479
97 56 0.1479
97 57 0.1479
97 58 0.1479
96 57 0.1479
96 58 0.1479
96 59 0.4225
97 59 0.4225
97 60 0.4225
97 61 0.4225
96 60 0.4225
96 61 0.4225
96 62 0.004225
97 62 0.004225
96 46 0.5845
97 46 0.5845
96 10 0.5577
97 10 0.5577
97 11 0.5577
97 12 0.5577
96 11 0.5577
96 12 0.5577
96 27 0.4183
97 27 0.4183
97 28 0.4183
97 29 0.4183
96 28 0.4183
96 29 0.4183
96 3 0.3211
97 3 0.3211
97 4 0.3211
96 4 0.3211
96 78 0.3451
97 78 0.3451
97 79 0.3451
96 79 0.3451
96 65 0.1042
97 65 0.1042
96 97 1000
96 98 1000
97 98 1000
96 30 0.1028
97 30 0.1028
97 31 0.1028
97 32 0.1028
96 31 0.1028
96 32 0.1028
96 66 0.2803
97 66 0.2803
97 67 0.2803
96 67 0.2803
96 85 0.2554
97 85 0.2554
96 77 0.2901
97 77 0.2901
96 93 0.453
97 93 0.453
97 94 0.453
97 95 0.453
96 94 0.453
96 95 0.453
96 47 0.1845
97 47 0.1845
97 48 0.1845
96 48 0.1845
96 33 0.1606
97 33 0.1606
96 49 0.002817
97 49 0.002817
97 50 0.002817
97 51 0.002817
96 50 0.002817
96 51 0.002817
96 52 0.04366
97 52 0.04366
97 53 0.04366
96 53 0.04366
96 34 0.5845
97 34 0.5845
97 35 0.5845
96 35 0.5845
96 36 0.6183
97 36 0.6183
96 5 0.5141
97 5 0.5141
97 6 0.5141
96 6 0.5141
96 37 0.5268
97 37 0.5268
96 7 0.7225
97 7 0.7225
97 8 0.7225
97 9 0.7225
96 8 0.7225
96 9 0.7225
96 1 0.2211
97 1 0.2211
97 2 0.2211
96 2 0.2211
98 38 0.1099
98 39 0.1099
98 73 0.279
98 74 0.279
98 68 0.6815
98 69 0.6815
98 70 0.6815
98 75 0.5519
98 76 0.5519
98 13 0.4395
98 14 0.4395
98 15 0.4395
98 40 0.2988
98 16 0.3877
98 17 0.3877
98 18 0.3877
98 54 0.2864
98 55 0.2864
98 41 0.2802
98 42 0.2802
98 43 0.2802
98 19 0.3395
98 20 0.3395
98 21 0.3395
98 22 0.3395
98 23 0.3395
98 24 0.3395
98 25 0.3395
98 26 0.3395
98 59 0.4568
98 60 0.4568
98 61 0.4568
98 62 0.221
98 46 0.6148
98 10 0.5938
98 11 0.5938
98 12 0.5938
98 27 0.4395
98 28 0.4395
98 29 0.4395
98 3 0.3889
98 4 0.3889
98 65 0.4284
98 30 0.5974
98 31 0.5974
98 32 0.5974
98 66 0.5877
98 67 0.5877
98 85 0.04074
98 77 0.4682
98 93 0.3741
98 94 0.3741
98 95 0.3741
98 47 0.3531
98 48 0.3531
98 33 0.4049
98 49 0.1432
98 50 0.1432
98 51 0.1432
98 52 0.7508
98 53 0.7508
98 34 0.6123
98 35 0.6123
98 36 0.6407
98 5 0.5778
98 6 0.5778
98 37 0.5988
98 7 0.7062
98 8 0.7062
98 9 0.7062
98 1 0.3432
98 2 0.3432
30 75 0.07027
31 75 0.07027
32 75 0.07027
31 76 0.07027
32 76 0.07027
30 76 0.07027
30 40 0.07062
31 40 0.07062
32 40 0.07062
30 59 0.1759
31 59 0.1759
32 59 0.1759
31 60 0.1759
31 61 0.1759
32 60 0.1759
32 61 0.1759
30 60 0.1759
30 61 0.1759
30 46 0.2069
31 46 0.2069
32 46 0.2069
30 10 0.3908
31 10 0.3908
32 10 0.3908
31 11 0.3908
31 12 0.3908
32 11 0.3908
32 12 0.3908
30 11 0.3908
30 12 0.3908
30 3 0.272
31 3 0.272
32 3 0.272
31 4 0.272
32 4 0.272
30 4 0.272
31 32 1000
30 31 1000
30 32 1000
30 66 1000
31 66 1000
32 66 1000
31 67 1000
32 67 1000
30 67 1000
30 85 0.003773
31 85 0.003773
32 85 0.003773
30 77 0.2869
31 77 0.2869
32 77 0.2869
30 93 0.02894
31 93 0.02894
32 93 0.02894
31 94 0.02894
31 95 0.02894
32 94 0.02894
32 95 0.02894
30 94 0.02894
30 95 0.02894
30 47 0.06889
31 47 0.06889
32 47 0.06889
31 48 0.06889
32 48 0.06889
30 48 0.06889
30 33 0.2352
31 33 0.2352
32 33 0.2352
30 49 0.2771
31 49 0.2771
32 49 0.2771
31 50 0.2771
31 51 0.2771
32 50 0.2771
32 51 0.2771
30 50 0.2771
30 51 0.2771
30 52 1000
31 52 1000
32 52 1000
31 53 1000
32 53 1000
30 53 1000
30 34 0.3335
31 34 0.3335
32 34 0.3335
31 35 0.3335
32 35 0.3335
30 35 0.3335
30 36 0.484
31 36 0.484
32 36 0.484
30 5 0.406
31 5 0.406
32 5 0.406
31 6 0.406
32 6 0.406
30 6 0.406
30 37 0.4756
31 37 0.4756
32 37 0.4756
30 7 0.7002
31 7 0.7002
32 7 0.7002
31 8 0.7002
31 9 0.7002
32 8 0.7002
32 9 0.7002
30 8 0.7002
30 9 0.7002
30 1 0.2568
31 1 0.2568
32 1 0.2568
31 2 0.2568
32 2 0.2568
30 2 0.2568
66 38 0.003855
67 38 0.003855
67 39 0.003855
66 39 0.003855
66 73 0.002169
67 73 0.002169
67 74 0.002169
66 74 0.002169
66 75 0.007229
67 75 0.007229
67 76 0.007229
66 76 0.007229
66 13 0.05133
67 13 0.05133
67 14 0.05133
67 15 0.05133
66 14 0.05133
66 15 0.05133
66 40 0.02747
67 40 0.02747
66 16 0.08867
67 16 0.08867
67 17 0.08867
67 18 0.08867
66 17 0.08867
66 18 0.08867
66 54 0.001446
67 54 0.001446
67 55 0.001446
66 55 0.001446
66 41 0.006506
67 41 0.006506
67 42 0.006506
67 43 0.006506
66 42 0.006506
66 43 0.006506
66 19 0.04916
67 19 0.04916
67 20 0.04916
67 21 0.04916
67 22 0.04916
67 23 0.04916
67 24 0.04916
67 25 0.04916
67 26 0.04916
66 20 0.04916
66 21 0.04916
66 22 0.04916
66 23 0.04916
66 24 0.04916
66 25 0.04916
66 26 0.04916
66 59 0.2265
67 59 0.2265
67 60 0.2265
67 61 0.2265
66 60 0.2265
66 61 0.2265
66 46 0.0388
67 46 0.0388
66 10 0.2957
67 10 0.2957
67 11 0.2957
67 12 0.2957
66 11 0.2957
66 12 0.2957
66 27 0.02554
67 27 0.02554
67 28 0.02554
67 29 0.02554
66 28 0.02554
66 29 0.02554
66 3 0.02386
67 3 0.02386
67 4 0.02386
66 4 0.02386
66 65 0.0106
67 65 0.0106
66 67 1000
66 85 0.06279
67 85 0.06279
66 77 0.1017
67 77 0.1017
66 93 0.09533
67 93 0.09533
67 94 0.09533
67 95 0.09533
66 94 0.09533
66 95 0.09533
66 47 0.01735
67 47 0.01735
67 48 0.01735
66 48 0.01735
66 33 0.06771
67 33 0.06771
66 49 0.001928
67 49 0.001928
67 50 0.001928
67 51 0.001928
66 50 0.001928
66 51 0.001928
66 52 0.4428
67 52 0.4428
67 53 0.4428
66 53 0.4428
66 34 0.1708
67 34 0.1708
67 35 0.1708
66 35 0.1708
66 36 0.3207
67 36 0.3207
66 5 0.3236
67 5 0.3236
67 6 0.3236
66 6 0.3236
66 37 0.2699
67 37 0.2699
66 7 0.5292
67 7 0.5292
67 8 0.5292
67 9 0.5292
66 8 0.5292
66 9 0.5292
66 1 0.1867
67 1 0.1867
67 2 0.1867
66 2 0.1867
85 38 0.004905
85 39 0.004905
85 73 0.01444
85 74 0.01444
85 75 0.04523
85 76 0.04523
85 40 0.02289
85 16 0.02289
85 17 0.02289
85 18 0.02289
85 54 0.03352
85 55 0.03352
85 41 0.01008
85 42 0.01008
85 43 0.01008
85 19 0.01008
85 20 0.01008
85 21 0.01008
85 22 0.01008
85 23 0.01008
85 24 0.01008
85 25 0.01008
85 26 0.01008
85 59 0.1055
85 60 0.1055
85 61 0.1055
85 46 0.1243
85 10 0.1213
85 11 0.1213
85 12 0.1213
85 27 0.1003
85 28 0.1003
85 29 0.1003
85 3 0.0564
85 4 0.0564
85 65 0.0008174
85 77 0.01335
85 93 1000
85 94 1000
85 95 1000
85 47 0.04366
85 48 0.04366
85 33 0.01362
85 49 0.003815
85 50 0.003815
85 51 0.003815
85 34 0.1289
85 35 0.1289
85 36 0.1087
85 5 0.1166
85 6 0.1166
85 37 0.07929
85 7 0.21
85 8 0.21
85 9 0.21
85 1 0.03324
85 2 0.03324
77 13 0.212
77 14 0.212
77 15 0.212
77 40 0.09437
77 16 0.1838
77 17 0.1838
77 18 0.1838
77 41 0.1275
77 42 0.1275
77 43 0.1275
77 19 0.2204
77 20 0.2204
77 21 0.2204
77 22 0.2204
77 23 0.2204
77 24 0.2204
77 25 0.2204
77 26 0.2204
77 59 0.2993
77 60 0.2993
77 61 0.2993
77 46 0.2556
77 10 0.4134
77 11 0.4134
77 12 0.4134
77 27 0.2373
77 28 0.2373
77 29 0.2373
77 3 0.1366
77 4 0.1366
77 93 0.09209
77 94 0.09209
77 95 0.09209
77 47 0.2106
77 48 0.2106
77 33 0.1901
77 49 0.03803
77 50 0.03803
77 51 0.03803
77 52 0.2718
77 53 0.2718
77 34 0.3444
77 35 0.3444
77 36 0.507
77 5 0.3324
77 6 0.3324
77 37 0.4887
77 7 0.6324
77 8 0.6324
77 9 0.6324
77 1 0.1106
77 2 0.1106
93 38 0.01601
94 38 0.01601
95 38 0.01601
94 39 0.01601
95 39 0.01601
93 39 0.01601
93 73 0.05945
94 73 0.05945
95 73 0.05945
94 74 0.05945
95 74 0.05945
93 74 0.05945
93 68 0.1857
94 68 0.1857
95 68 0.1857
94 69 0.1857
94 70 0.1857
95 69 0.1857
95 70 0.1857
93 69 0.1857
93 70 0.1857
93 13 0.2215
94 13 0.2215
95 13 0.2215
94 14 0.2215
94 15 0.2215
95 14 0.2215
95 15 0.2215
93 14 0.2215
93 15 0.2215
93 40 0.08467
94 40 0.08467
95 40 0.08467
93 16 0.09012
94 16 0.09012
95 16 0.09012
94 17 0.09012
94 18 0.09012
95 17 0.09012
95 18 0.09012
93 17 0.09012
93 18 0.09012
93 54 0.1233
94 54 0.1233
95 54 0.1233
94 55 0.1233
95 55 0.1233
93 55 0.1233
93 41 0.06695
94 41 0.06695
95 41 0.06695
94 42 0.06695
94 43 0.06695
95 42 0.06695
95 43 0.06695
93 42 0.06695
93 43 0.06695
93 19 0.06968
94 19 0.06968
95 19 0.06968
94 20 0.06968
94 21 0.06968
94 22 0.06968
94 23 0.06968
94 24 0.06968
94 25 0.06968
94 26 0.06968
95 20 0.06968
95 21 0.06968
95 22 0.06968
95 23 0.06968
95 24 0.06968
95 25 0.06968
95 26 0.06968
93 20 0.06968
93 21 0.06968
93 22 0.06968
93 23 0.06968
93 24 0.06968
93 25 0.06968
93 26 0.06968
93 59 0.3085
94 59 0.3085
95 59 0.3085
94 60 0.3085
94 61 0.3085
95 60 0.3085
95 61 0.3085
93 60 0.3085
93 61 0.3085
93 46 0.2874
94 46 0.2874
95 46 0.2874
93 10 0.3066
94 10 0.3066
95 10 0.3066
94 11 0.3066
94 12 0.3066
95 11 0.3066
95 12 0.3066
93 11 0.3066
93 12 0.3066
93 27 0.2675
94 27 0.2675
95 27 0.2675
94 28 0.2675
94 29 0.2675
95 28 0.2675
95 29 0.2675
93 28 0.2675
93 29 0.2675
93 3 0.1325
94 3 0.1325
95 3 0.1325
94 4 0.1325
95 4 0.1325
93 4 0.1325
93 65 0.002896
94 65 0.002896
95 65 0.002896
94 95 1000
93 94 1000
93 95 1000
93 47 0.1767
94 47 0.1767
95 47 0.1767
94 48 0.1767
95 48 0.1767
93 48 0.1767
93 33 0.09029
94 33 0.09029
95 33 0.09029
93 49 0.0155
94 49 0.0155
95 49 0.0155
94 50 0.0155
94 51 0.0155
95 50 0.0155
95 51 0.0155
93 50 0.0155
93 51 0.0155
93 52 0.06577
94 52 0.06577
95 52 0.06577
94 53 0.06577
95 53 0.06577
93 53 0.06577
93 34 0.3409
94 34 0.3409
95 34 0.3409
94 35 0.3409
95 35 0.3409
93 35 0.3409
93 36 0.3254
94 36 0.3254
95 36 0.3254
93 5 0.2891
94 5 0.2891
95 5 0.2891
94 6 0.2891
95 6 0.2891
93 6 0.2891
93 37 0.2797
94 37 0.2797
95 37 0.2797
93 7 0.4162
94 7 0.4162
95 7 0.4162
94 8 0.4162
94 9 0.4162
95 8 0.4162
95 9 0.4162
93 8 0.4162
93 9 0.4162
93 1 0.0954
94 1 0.0954
95 1 0.0954
94 2 0.0954
95 2 0.0954
93 2 0.0954
47 59 0.08158
48 59 0.08158
48 60 0.08158
48 61 0.08158
47 60 0.08158
47 61 0.08158
47 46 0.04934
48 46 0.04934
47 10 0.2022
48 10 0.2022
48 11 0.2022
48 12 0.2022
47 11 0.2022
47 12 0.2022
47 3 0.04934
48 3 0.04934
48 4 0.04934
47 4 0.04934
47 48 1000
47 33 0.003728
48 33 0.003728
47 34 1000
48 34 1000
48 35 1000
47 35 1000
47 36 0.07428
48 36 0.07428
47 5 0.08991
48 5 0.08991
48 6 0.08991
47 6 0.08991
47 37 0.00636
48 37 0.00636
47 7 1000
48 7 1000
48 8 1000
48 9 1000
47 8 1000
47 9 1000
47 1 0.0004386
48 1 0.0004386
48 2 0.0004386
47 2 0.0004386
33 40 0.02738
33 59 0.005952
33 60 0.005952
33 61 0.005952
33 46 0.002381
33 10 0.144
33 11 0.144
33 12 0.144
33 3 0.003571
33 4 0.003571
33 34 0.005925
33 35 0.005925
33 36 1000
33 5 0.07143
33 6 0.07143
33 37 1000
33 7 0.3719
33 8 0.3719
33 9 0.3719
33 1 0.2024
33 2 0.2024
49 75 0.0007353
50 75 0.0007353
51 75 0.0007353
50 76 0.0007353
51 76 0.0007353
49 76 0.0007353
49 13 0.1184
50 13 0.1184
51 13 0.1184
50 14 0.1184
50 15 0.1184
51 14 0.1184
51 15 0.1184
49 14 0.1184
49 15 0.1184
49 40 0.1757
50 40 0.1757
51 40 0.1757
49 16 0.3566
50 16 0.3566
51 16 0.3566
50 17 0.3566
50 18 0.3566
51 17 0.3566
51 18 0.3566
49 17 0.3566
49 18 0.3566
49 41 0.1382
50 41 0.1382
51 41 0.1382
50 42 0.1382
50 43 0.1382
51 42 0.1382
51 43 0.1382
49 42 0.1382
49 43 0.1382
49 19 0.361
50 19 0.361
51 19 0.361
50 20 0.361
50 21 0.361
50 22 0.361
50 23 0.361
50 24 0.361
50 25 0.361
50 26 0.361
51 20 0.361
51 21 0.361
51 22 0.361
51 23 0.361
51 24 0.361
51 25 0.361
51 26 0.361
49 20 0.361
49 21 0.361
49 22 0.361
49 23 0.361
49 24 0.361
49 25 0.361
49 26 0.361
49 59 0.08162
50 59 0.08162
51 59 0.08162
50 60 0.08162
50 61 0.08162
51 60 0.08162
51 61 0.08162
49 60 0.08162
49 61 0.08162
49 46 0.06838
50 46 0.06838
51 46 0.06838
49 10 0.511
50 10 0.511
51 10 0.511
50 11 0.511
50 12 0.511
51 11 0.511
51 12 0.511
49 11 0.511
49 12 0.511
49 27 0.1743
50 27 0.1743
51 27 0.1743
50 28 0.1743
50 29 0.1743
51 28 0.1743
51 29 0.1743
49 28 0.1743
49 29 0.1743
49 3 0.1478
50 3 0.1478
51 3 0.1478
50 4 0.1478
51 4 0.1478
49 4 0.1478
49 47 0.07941
50 47 0.07941
51 47 0.07941
50 48 0.07941
51 48 0.07941
49 48 0.07941
49 33 0.6147
50 33 0.6147
51 33 0.6147
50 51 1000
49 50 1000
49 51 1000
49 52 0.1896
50 52 0.1896
51 52 0.1896
50 53 0.1896
51 53 0.1896
49 53 0.1896
49 34 0.1294
50 34 0.1294
51 34 0.1294
50 35 0.1294
51 35 0.1294
49 35 0.1294
49 36 0.6846
50 36 0.6846
51 36 0.6846
49 5 0.2632
50 5 0.2632
51 5 0.2632
50 6 0.2632
51 6 0.2632
49 6 0.2632
49 37 0.7257
50 37 0.7257
51 37 0.7257
49 7 0.7007
50 7 0.7007
51 7 0.7007
50 8 0.7007
50 9 0.7007
51 8 0.7007
51 9 0.7007
49 8 0.7007
49 9 0.7007
49 1 0.2757
50 1 0.2757
51 1 0.2757
50 2 0.2757
51 2 0.2757
49 2 0.2757
52 75 0.3207
53 75 0.3207
53 76 0.3207
52 76 0.3207
52 13 0.1858
53 13 0.1858
53 14 0.1858
53 15 0.1858
52 14 0.1858
52 15 0.1858
52 40 0.1345
53 40 0.1345
52 16 0.268
53 16 0.268
53 17 0.268
53 18 0.268
52 17 0.268
52 18 0.268
52 54 0.1382
53 54 0.1382
53 55 0.1382
52 55 0.1382
52 41 0.09855
53 41 0.09855
53 42 0.09855
53 43 0.09855
52 42 0.09855
52 43 0.09855
52 19 0.2855
53 19 0.2855
53 20 0.2855
53 21 0.2855
53 22 0.2855
53 23 0.2855
53 24 0.2855
53 25 0.2855
53 26 0.2855
52 20 0.2855
52 21 0.2855
52 22 0.2855
52 23 0.2855
52 24 0.2855
52 25 0.2855
52 26 0.2855
52 59 0.3727
53 59 0.3727
53 60 0.3727
53 61 0.3727
52 60 0.3727
52 61 0.3727
52 46 0.3815
53 46 0.3815
52 10 0.5116
53 10 0.5116
53 11 0.5116
53 12 0.5116
52 11 0.5116
52 12 0.5116
52 27 0.3644
53 27 0.3644
53 28 0.3644
53 29 0.3644
52 28 0.3644
52 29 0.3644
52 3 0.3015
53 3 0.3015
53 4 0.3015
52 4 0.3015
52 85 0.01455
53 85 0.01455
52 47 0.1495
53 47 0.1495
53 48 0.1495
52 48 0.1495
52 33 0.3276
53 33 0.3276
52 53 1000
52 34 0.4996
53 34 0.4996
53 35 0.4996
52 35 0.4996
52 36 0.6167
53 36 0.6167
52 5 0.4673
53 5 0.4673
53 6 0.4673
52 6 0.4673
52 37 0.6073
53 37 0.6073
52 7 0.7185
53 7 0.7185
53 8 0.7185
53 9 0.7185
52 8 0.7185
52 9 0.7185
52 1 0.2513
53 1 0.2513
53 2 0.2513
52 2 0.2513
34 46 0.02442
35 46 0.02442
34 35 1000
34 36 1000
35 36 1000
34 5 0.04186
35 5 0.04186
35 6 0.04186
34 6 0.04186
34 37 0.07829
35 37 0.07829
34 7 1000
35 7 1000
35 8 1000
35 9 1000
34 8 1000
34 9 1000
34 1 0.03414
35 1 0.03414
35 2 0.03414
34 2 0.03414
36 59 1000
36 60 1000
36 61 1000
36 46 0.1267
36 10 1000
36 11 1000
36 12 1000
36 3 0.2814
36 4 0.2814
36 5 0.4482
36 6 0.4482
36 37 1000
36 7 1000
36 8 1000
36 9 1000
36 1 0.4317
36 2 0.4317
5 10 0.006329
6 10 0.006329
6 11 0.006329
6 12 0.006329
5 11 0.006329
5 12 0.006329
5 6 1000
5 7 0.6356
6 7 0.6356
6 8 0.6356
6 9 0.6356
5 8 0.6356
5 9 0.6356
5 1 1000
6 1 1000
6 2 1000
5 2 1000
37 59 0.1879
37 60 0.1879
37 61 0.1879
37 46 0.01667
37 10 0.3856
37 11 0.3856
37 12 0.3856
37 3 0.01212
37 4 0.01212
37 5 0.1212
37 6 0.1212
37 7 0.6896
37 8 0.6896
37 9 0.6896
37 1 0.3977
37 2 0.3977
7 46 0.329
8 46 0.329
9 46 0.329
8 9 1000
7 8 1000
7 9 1000
7 1 1000
8 1 1000
9 1 1000
8 2 1000
9 2 1000
7 2 1000
1 2 1000
